 HJD MAG_4 MAG_0 MAG_1 MAG_2 MAG_3 MER_4 MER_0 MER_1 MER_2 MER_3 GRADE FRAME
 2034.50285 8.366 8.742 8.456 8.384 8.369 0.046 0.047 0.034 0.035 0.040 B 18595
 1904.85066 8.048 8.007 8.036 8.032 8.046 0.029 0.037 0.025 0.022 0.024 A 3920
 1958.66634 8.057 8.022 8.056 8.046 8.065 0.027 0.037 0.035 0.025 0.027 A 10213
 2034.50285 8.366 8.400 8.441 8.389 8.373 0.046 0.047 0.034 0.035 0.040 B 18595
 2038.48650 8.066 8.083 8.062 8.054 8.065 0.035 0.060 0.028 0.025 0.028 A 19049
 3056.74499 8.024 8.038 8.044 8.042 8.026 0.030 0.030 0.027 0.023 0.026 A 91716
 3072.78395 8.066 8.064 8.053 8.059 8.056 0.032 0.029 0.026 0.026 0.029 A 93783
 3097.66388 8.024 8.041 8.041 8.037 8.043 0.051 0.053 0.048 0.049 0.050 B 96819
 3130.61222 8.034 8.033 8.028 8.040 8.031 0.035 0.035 0.027 0.025 0.029 A 101476
 3132.60787 8.057 8.049 8.071 8.058 8.054 0.031 0.036 0.026 0.023 0.025 A 101809
 3158.52153 8.073 8.056 8.036 8.057 8.065 0.033 0.030 0.026 0.024 0.028 A 104364
 3160.53743 8.064 8.049 8.060 8.068 8.066 0.034 0.031 0.027 0.025 0.029 A 104660
 3163.55143 8.058 8.015 8.069 8.060 8.057 0.029 0.030 0.025 0.022 0.024 A 104993
 3449.65716 8.030 8.025 8.033 8.026 8.027 0.057 0.088 0.045 0.046 0.052 B 135073
 1958.68655 8.067 8.067 8.075 8.075 8.066 0.026 0.041 0.034 0.024 0.027 A 10222
 2038.50786 8.055 8.046 8.045 8.046 8.050 0.032 0.064 0.027 0.023 0.026 A 19058
 2062.51108 8.065 8.034 8.045 8.053 8.060 0.037 0.066 0.034 0.030 0.033 A 21487
 2080.49620 8.062 8.033 8.021 8.043 8.046 0.030 0.062 0.031 0.023 0.025 A 22837
 2827.51170 29.999 29.999 29.999 29.999 29.999 0.062 0.062 0.056 0.053 0.059 C 62165
 3373.86784 8.118 8.218 8.125 8.108 8.110 0.047 0.094 0.050 0.043 0.045 B 125393
 3393.81063 8.047 8.015 8.028 8.034 8.041 0.043 0.085 0.043 0.038 0.040 B 127058
 3448.74536 8.048 7.970 8.030 8.039 8.048 0.038 0.053 0.040 0.036 0.036 A 134942
 3450.67994 8.087 8.048 8.067 8.077 8.082 0.031 0.049 0.031 0.027 0.029 A 135260
 1868.86654 8.078 8.099 8.060 8.066 8.075 0.035 0.053 0.034 0.026 0.030 A 181
 1870.82094 8.045 7.972 8.023 8.033 8.043 0.037 0.080 0.037 0.030 0.032 B 471
 1872.82146 8.083 8.068 8.073 8.076 8.082 0.033 0.066 0.033 0.025 0.028 A 762
 1874.81442 8.091 8.054 8.073 8.080 8.087 0.035 0.075 0.035 0.027 0.030 B 1083
 1876.81331 8.078 8.078 8.081 8.076 8.078 0.029 0.055 0.032 0.023 0.025 A 1404
 1878.80549 8.079 8.126 8.076 8.076 8.077 0.030 0.044 0.030 0.023 0.026 A 1718
 1880.80045 8.069 8.074 8.054 8.059 8.068 0.032 0.048 0.034 0.025 0.027 A 2026
 1884.82174 8.069 8.036 8.058 8.062 8.066 0.029 0.042 0.029 0.022 0.024 A 2343
 1886.79595 8.075 8.080 8.071 8.071 8.076 0.030 0.040 0.030 0.023 0.026 A 2652
 1888.79752 8.057 8.037 8.047 8.048 8.052 0.039 0.059 0.034 0.029 0.032 A 2972
 1902.77807 8.052 8.015 8.050 8.055 8.050 0.028 0.039 0.029 0.021 0.023 A 3570
 1904.74455 8.119 8.084 8.100 8.113 8.117 0.030 0.055 0.031 0.023 0.026 A 3874
 1905.80323 8.061 8.045 8.053 8.050 8.059 0.027 0.040 0.030 0.021 0.023 A 4062
 1906.84889 8.064 8.055 8.043 8.056 8.060 0.028 0.038 0.032 0.022 0.024 A 4243
 1907.82269 8.068 8.063 8.059 8.055 8.070 0.028 0.036 0.033 0.022 0.024 A 4392
 1914.77461 8.085 8.077 8.069 8.076 8.082 0.028 0.039 0.029 0.021 0.024 A 4828
 1919.73532 8.065 8.077 8.054 8.056 8.059 0.035 0.042 0.034 0.026 0.028 A 5344
 1920.76240 8.073 8.095 8.056 8.063 8.071 0.032 0.040 0.032 0.023 0.027 A 5517
 1921.78049 8.072 8.060 8.060 8.070 8.071 0.032 0.036 0.035 0.025 0.027 A 5682
 1922.75811 8.087 8.085 8.079 8.079 8.087 0.030 0.035 0.033 0.023 0.026 A 5824
 1923.75928 8.098 8.064 8.082 8.099 8.095 0.073 0.063 0.059 0.059 0.067 D 5990
 1924.75468 8.054 8.070 8.036 8.047 8.052 0.030 0.039 0.032 0.023 0.026 A 6158
 1925.75105 8.061 8.040 8.055 8.055 8.057 0.036 0.040 0.035 0.028 0.031 A 6324
 1926.74986 8.135 8.118 8.124 8.132 8.137 0.031 0.038 0.031 0.023 0.026 A 6494
 1928.75173 8.073 8.062 8.064 8.070 8.073 0.028 0.036 0.028 0.021 0.023 A 6820
 1929.74552 8.077 8.081 8.053 8.064 8.075 0.027 0.033 0.032 0.021 0.023 A 6971
 1930.74539 8.075 8.065 8.052 8.064 8.072 0.026 0.033 0.032 0.020 0.022 A 7138
 1931.74270 8.049 8.049 8.040 8.042 8.051 0.039 0.036 0.036 0.031 0.035 A 7307
 1932.74033 8.081 8.075 8.055 8.067 8.076 0.027 0.034 0.032 0.021 0.022 A 7469
 1933.74304 8.093 8.088 8.092 8.096 8.096 0.027 0.034 0.033 0.021 0.023 A 7634
 1934.73466 8.077 8.058 8.080 8.082 8.077 0.027 0.033 0.031 0.021 0.023 A 7795
 1935.64991 8.069 8.090 8.053 8.064 8.069 0.026 0.034 0.031 0.021 0.023 A 7905
 1936.76106 8.081 8.064 8.078 8.081 8.084 0.026 0.037 0.034 0.022 0.023 A 8055
 1938.68786 8.072 8.060 8.073 8.073 8.075 0.026 0.033 0.033 0.022 0.023 A 8275
 1939.75194 8.074 8.082 8.067 8.067 8.074 0.026 0.037 0.034 0.022 0.023 A 8418
 1940.77177 8.066 8.064 8.052 8.060 8.064 0.026 0.036 0.034 0.021 0.023 A 8543
 1945.74509 8.072 8.042 8.063 8.067 8.072 0.026 0.035 0.033 0.022 0.023 A 8707
 1947.65691 8.071 8.095 8.071 8.066 8.074 0.032 0.039 0.033 0.025 0.027 A 8927
 1948.70561 8.134 8.129 8.125 8.128 8.130 0.036 0.037 0.035 0.026 0.030 A 9068
 1949.71499 8.054 8.120 8.075 8.069 8.067 0.034 0.068 0.056 0.037 0.031 B 9221
 1950.69676 8.053 8.100 8.076 8.066 8.056 0.034 0.068 0.055 0.037 0.030 B 9389
 1954.69424 8.071 8.076 8.049 8.059 8.068 0.034 0.052 0.049 0.035 0.033 B 9873
 1955.68483 8.078 8.064 8.081 8.080 8.078 0.030 0.046 0.044 0.030 0.031 A 10048
 1958.66898 8.064 8.044 8.057 8.058 8.062 0.025 0.035 0.038 0.024 0.024 A 10214
 1961.64131 8.069 8.019 8.106 8.078 8.072 0.026 0.038 0.039 0.025 0.027 A 10479
 1962.69001 8.053 8.031 8.025 8.032 8.045 0.061 0.072 0.067 0.058 0.060 D 10649
 1963.67589 8.084 8.083 8.113 8.103 8.099 0.027 0.043 0.041 0.029 0.031 A 10825
 1964.67245 8.068 8.066 8.072 8.070 8.066 0.025 0.038 0.038 0.025 0.027 A 11005
 1965.65889 8.072 8.081 8.051 8.070 8.066 0.025 0.037 0.036 0.024 0.026 A 11185
 1966.66561 8.087 8.098 8.070 8.079 8.088 0.027 0.039 0.041 0.027 0.030 A 11373
 1967.66242 8.062 8.067 8.038 8.053 8.053 0.029 0.040 0.041 0.029 0.031 A 11539
 1968.65988 8.062 8.078 8.036 8.060 8.058 0.029 0.044 0.041 0.030 0.035 A 11713
 1971.71453 8.080 8.130 8.085 8.081 8.085 0.044 0.050 0.052 0.044 0.048 B 11799
 1977.63329 8.084 8.114 8.103 8.094 8.093 0.043 0.049 0.046 0.039 0.047 B 11949
 1978.65870 8.071 8.087 8.052 8.066 8.080 0.043 0.053 0.047 0.040 0.049 B 12049
 1979.64005 8.074 8.060 8.042 8.065 8.077 0.044 0.051 0.047 0.040 0.050 B 12227
 1980.63672 8.071 8.058 8.116 8.082 8.082 0.042 0.049 0.046 0.037 0.047 B 12373
 1981.65388 8.101 8.089 8.085 8.091 8.102 0.040 0.048 0.045 0.037 0.046 B 12561
 1982.63056 8.080 8.105 8.120 8.111 8.100 0.031 0.042 0.041 0.031 0.038 A 12743
 1984.61990 8.064 8.074 8.050 8.055 8.061 0.037 0.050 0.044 0.035 0.042 A 12954
 1985.62348 8.055 8.077 8.047 8.066 8.051 0.032 0.045 0.041 0.031 0.036 A 13148
 1994.56093 8.057 8.065 8.061 8.050 8.056 0.039 0.046 0.042 0.033 0.043 A 13414
 1995.59854 8.076 8.100 8.053 8.085 8.092 0.042 0.055 0.047 0.036 0.044 B 13626
 1996.59932 8.074 8.090 8.073 8.085 8.075 0.046 0.059 0.049 0.039 0.046 B 13826
 1997.59770 8.058 8.065 8.080 8.068 8.071 0.047 0.059 0.050 0.040 0.049 B 14029
 1998.59256 8.065 8.108 8.081 8.084 8.069 0.046 0.057 0.046 0.036 0.045 B 14224
 2000.59172 8.092 8.078 8.083 8.087 8.099 0.051 0.062 0.053 0.042 0.050 B 14632
 2008.57519 8.071 8.073 8.077 8.077 8.077 0.055 0.061 0.051 0.041 0.052 B 15141
 2009.57157 8.066 8.083 8.074 8.063 8.061 0.057 0.070 0.058 0.046 0.055 B 15350
 2011.55387 8.060 8.094 8.068 8.079 8.060 0.053 0.062 0.052 0.042 0.052 B 15543
 2014.54856 8.141 8.156 8.139 8.155 8.142 0.054 0.064 0.052 0.042 0.052 B 15742
 2016.54946 8.048 8.065 8.048 8.056 8.044 0.053 0.070 0.057 0.044 0.050 B 15923
 2018.54765 8.067 8.079 8.086 8.076 8.075 0.055 0.067 0.055 0.043 0.053 B 16163
 2025.50125 8.161 8.144 8.172 8.173 8.162 0.028 0.042 0.031 0.022 0.024 A 17133
 2027.51138 8.086 8.029 8.072 8.083 8.086 0.034 0.058 0.034 0.026 0.030 A 17570
 2030.51415 8.053 8.035 8.033 8.047 8.053 0.034 0.065 0.035 0.028 0.030 A 17751
 2032.50411 8.076 8.095 8.071 8.072 8.075 0.032 0.050 0.032 0.025 0.029 A 18176
 2038.48856 8.074 8.050 8.065 8.072 8.071 0.033 0.060 0.034 0.026 0.028 A 19050
 2053.46834 8.066 8.063 8.057 8.061 8.062 0.033 0.056 0.032 0.025 0.028 A 19960
 2055.47942 8.178 8.152 8.166 8.175 8.183 0.037 0.070 0.037 0.029 0.032 A 20403
 2057.49426 8.088 8.053 8.068 8.074 8.086 0.033 0.058 0.034 0.026 0.029 A 20864
 2059.49961 8.063 8.082 8.059 8.057 8.060 0.049 0.051 0.038 0.035 0.041 A 21294
 2064.50151 8.068 8.027 8.066 8.067 8.066 0.034 0.059 0.039 0.028 0.030 A 21583
 2068.47980 8.064 8.076 8.065 8.056 8.059 0.032 0.055 0.031 0.025 0.027 A 22008
 2070.50768 8.061 8.075 8.051 8.055 8.061 0.032 0.051 0.032 0.025 0.027 A 22472
 2081.45676 8.082 8.028 8.059 8.077 8.080 0.031 0.060 0.034 0.024 0.027 A 23048
 2085.47377 8.068 8.040 8.052 8.063 8.068 0.034 0.057 0.035 0.026 0.029 A 23749
 2196.88855 8.048 8.077 8.037 8.040 8.054 0.063 0.061 0.053 0.047 0.055 D 36071
 2198.88418 8.068 8.087 8.058 8.058 8.069 0.049 0.055 0.046 0.039 0.044 B 36425
 2201.86844 8.102 8.126 8.141 8.113 8.101 0.031 0.047 0.041 0.028 0.029 A 36846
 2206.86238 8.073 8.101 8.102 8.081 8.078 0.031 0.043 0.040 0.029 0.029 A 37587
 2215.84828 8.069 8.088 8.069 8.074 8.065 0.035 0.046 0.043 0.032 0.035 A 38498
 2222.81922 8.060 8.087 8.074 8.061 8.047 0.039 0.048 0.043 0.034 0.041 A 39265
 2225.81996 8.064 8.074 8.088 8.067 8.069 0.034 0.051 0.046 0.035 0.036 B 39590
 2227.82907 8.078 8.107 8.094 8.097 8.063 0.039 0.050 0.042 0.033 0.041 A 39900
 2229.82659 8.053 8.064 8.076 8.072 8.045 0.052 0.059 0.056 0.047 0.054 B 40227
 2232.82969 8.060 8.060 8.034 8.054 8.053 0.033 0.046 0.044 0.032 0.036 A 40560
 2234.81959 8.130 8.150 8.162 8.152 8.126 0.036 0.046 0.042 0.032 0.038 A 40868
 2236.82393 8.063 8.091 8.070 8.070 8.059 0.038 0.045 0.041 0.031 0.040 A 41185
 2239.82372 8.091 8.101 8.073 8.067 8.113 0.034 0.046 0.043 0.033 0.036 A 41505
 2243.80628 8.091 8.109 8.086 8.063 8.114 0.045 0.053 0.049 0.040 0.047 B 42131
 2247.82334 8.041 8.053 8.058 8.066 8.064 0.044 0.058 0.049 0.038 0.045 B 42414
 2249.79804 8.085 8.068 8.067 8.067 8.113 0.040 0.052 0.046 0.035 0.041 B 42765
 2251.79426 8.047 8.080 8.063 8.075 8.064 0.043 0.053 0.046 0.036 0.043 B 43086
 2253.78185 8.091 8.057 8.096 8.083 8.092 0.041 0.055 0.046 0.035 0.042 B 43404
 2255.78684 8.058 8.046 8.069 8.075 8.054 0.043 0.055 0.047 0.037 0.043 B 43693
 2257.77712 8.098 8.088 8.077 8.065 8.101 0.045 0.057 0.047 0.036 0.045 B 44010
 2260.82924 8.052 8.072 8.050 8.035 8.046 0.049 0.061 0.052 0.041 0.048 B 44323
 2266.75720 8.029 8.070 8.085 8.079 8.045 0.055 0.065 0.057 0.047 0.054 B 45191
 2269.82964 8.101 8.119 8.101 8.082 8.100 0.054 0.068 0.056 0.045 0.051 B 45323
 2440.45231 8.065 8.078 8.057 8.062 8.065 0.026 0.041 0.036 0.023 0.023 A 7980
 2445.47902 8.063 8.065 8.061 8.064 8.066 0.028 0.044 0.032 0.023 0.024 A 9026
 2453.44816 8.063 8.079 8.095 8.072 8.071 0.046 0.052 0.051 0.042 0.044 B 9552
 2561.87971 8.069 8.052 8.061 8.067 8.067 0.031 0.031 0.031 0.025 0.027 A 22661
 2623.81758 8.068 8.061 8.053 8.060 8.066 0.025 0.030 0.040 0.024 0.024 A 30210
 2630.82014 8.093 8.089 8.073 8.078 8.084 0.030 0.028 0.031 0.024 0.027 A 31303
 2637.77464 8.068 8.040 8.077 8.082 8.074 0.025 0.028 0.031 0.026 0.023 A 32577
 2645.80322 8.086 8.084 8.106 8.103 8.093 0.026 0.029 0.030 0.021 0.023 A 33789
 2649.75352 8.071 8.054 8.052 8.061 8.069 0.027 0.026 0.029 0.022 0.024 A 34175
 2658.76328 8.071 8.061 8.073 8.076 8.080 0.027 0.028 0.029 0.021 0.023 A 35652
 2660.76456 8.068 8.094 8.073 8.055 8.071 0.049 0.053 0.045 0.043 0.045 B 35991
 2662.77415 8.067 8.051 8.066 8.064 8.066 0.026 0.041 0.028 0.021 0.022 A 36338
 2664.76318 8.075 8.057 8.082 8.080 8.080 0.024 0.043 0.028 0.020 0.021 A 36676
 2666.76322 8.079 8.079 8.033 8.066 8.076 0.026 0.029 0.029 0.020 0.022 A 37003
 2670.79752 8.109 8.060 8.089 8.101 8.104 0.027 0.034 0.028 0.021 0.023 A 37657
 2672.76313 8.066 8.069 8.058 8.070 8.072 0.024 0.032 0.027 0.020 0.021 A 37977
 2674.74871 8.069 8.041 8.053 8.063 8.069 0.026 0.034 0.028 0.021 0.023 A 38314
 2676.73733 8.063 8.098 8.061 8.060 8.065 0.025 0.043 0.027 0.020 0.022 A 38675
 2678.72165 8.062 8.054 8.061 8.049 8.062 0.025 0.031 0.028 0.020 0.022 A 39009
 2680.72138 8.064 8.077 8.035 8.054 8.062 0.024 0.030 0.026 0.019 0.021 A 39340
 2684.67979 8.059 8.036 8.057 8.065 8.060 0.027 0.030 0.031 0.023 0.026 A 40010
 2686.70836 8.065 8.067 8.058 8.062 8.070 0.033 0.030 0.035 0.027 0.028 A 40389
 2689.73201 8.065 8.049 8.033 8.062 8.066 0.029 0.030 0.034 0.024 0.026 A 40946
 2691.70614 8.074 8.077 8.071 8.064 8.076 0.027 0.035 0.027 0.021 0.023 A 41309
 2693.72047 8.075 8.041 8.074 8.074 8.072 0.025 0.030 0.028 0.020 0.022 A 41616
 2697.70581 8.068 8.074 8.035 8.060 8.069 0.024 0.029 0.027 0.019 0.021 A 42308
 2699.70100 8.066 8.039 8.050 8.071 8.069 0.029 0.030 0.029 0.023 0.025 A 42727
 2701.69904 8.068 8.030 8.061 8.063 8.066 0.024 0.031 0.028 0.020 0.021 A 43110
 2703.69488 8.159 8.165 8.146 8.153 8.157 0.023 0.029 0.026 0.019 0.021 A 43491
 2705.68722 8.069 8.076 8.070 8.079 8.076 0.025 0.027 0.028 0.021 0.022 A 43862
 2707.68367 8.064 8.028 8.050 8.058 8.071 0.027 0.031 0.027 0.020 0.024 A 44226
 2709.65783 8.070 8.039 8.080 8.078 8.078 0.023 0.037 0.027 0.020 0.021 A 44579
 2710.78783 8.096 8.025 8.081 8.090 8.091 0.029 0.037 0.028 0.022 0.024 A 44814
 2712.61962 8.075 8.043 8.050 8.068 8.075 0.108 0.102 0.104 0.104 0.105 D 45114
 2713.72446 8.044 8.018 8.045 8.034 8.040 0.033 0.031 0.035 0.028 0.030 A 45354
 2715.69118 8.065 8.046 8.054 8.072 8.072 0.030 0.029 0.028 0.023 0.026 A 45715
 2717.77796 8.130 8.144 8.097 8.124 8.127 0.034 0.041 0.030 0.025 0.029 A 45914
 2721.79092 8.070 8.012 8.075 8.077 8.071 0.039 0.039 0.033 0.028 0.033 A 46547
 2723.67194 8.063 8.039 8.071 8.075 8.070 0.026 0.026 0.028 0.021 0.023 A 46885
 2725.66473 8.133 8.130 8.107 8.124 8.133 0.025 0.025 0.027 0.021 0.022 A 47274
 2727.65831 8.071 8.075 8.050 8.052 8.064 0.025 0.028 0.028 0.021 0.022 A 47661
 2732.72998 8.108 8.100 8.086 8.096 8.103 0.029 0.040 0.028 0.020 0.023 A 48451
 2734.58799 8.071 8.010 8.087 8.080 8.077 0.024 0.032 0.031 0.022 0.022 A 48804
 2736.57436 8.083 8.075 8.072 8.080 8.078 0.026 0.039 0.028 0.022 0.023 A 49186
 2738.58097 8.060 8.070 8.040 8.049 8.055 0.025 0.038 0.027 0.020 0.021 A 49576
 2740.57621 8.104 8.052 8.091 8.097 8.100 0.024 0.030 0.028 0.020 0.022 A 49938
 2742.57531 8.056 8.029 8.056 8.057 8.061 0.026 0.028 0.029 0.022 0.023 A 50332
 2743.71527 8.094 8.062 8.087 8.092 8.094 0.031 0.028 0.031 0.025 0.027 A 50577
 2745.68455 8.050 8.030 8.025 8.047 8.043 0.059 0.049 0.049 0.047 0.052 B 50949
 2750.54423 8.073 8.061 8.059 8.056 8.071 0.025 0.034 0.044 0.023 0.027 A 51595
 2751.63840 8.069 8.035 8.059 8.067 8.073 0.025 0.025 0.030 0.022 0.022 A 51828
 2754.60790 8.083 8.079 8.035 8.068 8.073 0.025 0.037 0.047 0.028 0.029 B 52230
 2756.60727 8.046 8.022 8.023 8.042 8.035 0.026 0.037 0.040 0.025 0.030 A 52642
 2759.50784 8.076 8.052 8.063 8.065 8.072 0.061 0.043 0.043 0.044 0.052 D 53163
 2760.68477 8.058 8.041 8.041 8.058 8.058 0.035 0.038 0.040 0.032 0.032 A 53445
 2766.63927 8.067 8.013 8.083 8.068 8.072 0.026 0.027 0.030 0.020 0.023 A 54525
 2770.62155 8.069 8.045 8.088 8.086 8.076 0.028 0.029 0.029 0.022 0.025 A 54849
 2775.47758 8.067 8.065 8.046 8.061 8.060 0.028 0.028 0.033 0.023 0.026 A 55015
 2776.59838 8.152 8.190 8.128 8.142 8.147 0.028 0.052 0.035 0.022 0.025 A 55291
 2782.50533 8.065 8.072 8.079 8.066 8.069 0.024 0.036 0.035 0.021 0.022 A 55659
 2784.51502 8.070 8.054 8.082 8.081 8.074 0.026 0.032 0.032 0.023 0.024 A 56090
 2789.51136 8.062 8.070 8.023 8.053 8.059 0.032 0.033 0.034 0.025 0.027 A 57054
 2791.54126 8.101 8.095 8.101 8.095 8.105 0.027 0.041 0.040 0.023 0.025 A 57510
 2794.50072 8.054 8.022 8.025 8.053 8.054 0.029 0.052 0.042 0.025 0.027 A 58009
 2797.49543 8.062 8.083 8.035 8.055 8.062 0.044 0.042 0.048 0.037 0.041 B 58565
 2804.46486 8.056 8.010 8.060 8.061 8.060 0.029 0.031 0.033 0.023 0.025 A 58972
 2809.46273 8.068 8.058 8.077 8.079 8.073 0.025 0.032 0.029 0.021 0.022 A 59433
 2811.47945 8.065 8.052 8.049 8.056 8.065 0.024 0.025 0.038 0.021 0.021 A 59890
 2813.47968 8.138 8.144 8.189 8.157 8.149 0.025 0.037 0.042 0.021 0.022 A 60346
 2821.47119 8.068 8.097 8.043 8.063 8.062 0.026 0.035 0.033 0.021 0.023 A 61668
 2826.46034 8.045 8.062 8.033 8.047 8.046 0.026 0.033 0.032 0.022 0.025 A 61963
 2832.48263 8.067 8.037 8.077 8.073 8.072 0.029 0.030 0.032 0.023 0.025 A 62896
 2835.45782 8.074 8.042 8.082 8.071 8.076 0.028 0.030 0.031 0.021 0.023 A 63476
 2838.46124 8.066 8.057 8.047 8.054 8.068 0.082 0.066 0.067 0.067 0.074 D 63827
 2926.88096 8.077 8.045 8.094 8.095 8.084 0.036 0.033 0.043 0.037 0.038 A 75921
 2931.87590 8.089 8.103 8.042 8.090 8.088 0.032 0.030 0.040 0.029 0.032 A 76820
 2946.85536 8.095 8.051 8.123 8.123 8.117 0.037 0.033 0.050 0.045 0.042 B 78921
 2947.86493 8.059 8.043 8.065 8.068 8.064 0.028 0.028 0.032 0.023 0.025 A 79102
 2951.86490 8.065 8.032 8.082 8.064 8.070 0.033 0.030 0.032 0.024 0.027 A 79656
 2960.85457 8.162 8.136 8.142 8.158 8.160 0.034 0.027 0.031 0.027 0.031 A 80867
 2964.83343 8.040 8.065 8.013 8.031 8.034 0.030 0.031 0.030 0.023 0.026 A 81425
 2968.82449 8.070 8.036 8.073 8.067 8.073 0.032 0.027 0.030 0.024 0.027 A 81981
 2972.85333 8.074 8.073 8.077 8.086 8.084 0.042 0.038 0.039 0.037 0.040 A 82412
 2975.80910 8.060 8.058 8.054 8.055 8.058 0.029 0.027 0.028 0.022 0.024 A 82785
 2978.79768 8.174 8.132 8.158 8.182 8.179 0.058 0.045 0.052 0.056 0.055 D 83191
 2984.81868 8.061 8.060 8.058 8.059 8.063 0.031 0.028 0.031 0.024 0.028 A 83975
 2987.82066 8.122 8.158 8.130 8.126 8.120 0.028 0.030 0.029 0.021 0.024 A 84375
 2990.82330 8.065 8.075 8.059 8.069 8.071 0.031 0.032 0.030 0.024 0.027 A 84715
 2996.80553 8.056 8.068 8.035 8.046 8.053 0.036 0.033 0.032 0.027 0.031 A 85511
 3000.81627 8.120 8.050 8.098 8.116 8.116 0.025 0.047 0.030 0.021 0.023 A 85923
 3006.78433 8.054 8.041 8.045 8.049 8.050 0.028 0.028 0.030 0.023 0.025 A 86643
 3009.77526 8.078 8.074 8.065 8.059 8.076 0.029 0.029 0.030 0.023 0.026 A 87024
 3012.76364 8.067 8.039 8.073 8.071 8.072 0.034 0.030 0.032 0.026 0.029 A 87421
 3015.82352 8.059 8.063 8.033 8.045 8.056 0.032 0.027 0.034 0.025 0.027 A 87693
 3018.75289 8.078 8.073 8.051 8.060 8.065 0.030 0.031 0.030 0.023 0.026 A 88057
 3023.79659 8.075 8.025 8.077 8.075 8.078 0.039 0.046 0.036 0.034 0.036 A 88355
 3027.83901 8.062 8.090 8.054 8.050 8.062 0.031 0.034 0.031 0.024 0.028 A 88525
 3030.72662 8.062 8.064 8.035 8.058 8.058 0.027 0.032 0.029 0.022 0.024 A 88760
 3033.70509 8.073 8.072 8.042 8.065 8.072 0.033 0.030 0.034 0.029 0.030 A 89048
 3035.76352 8.039 8.042 8.035 8.048 8.044 0.033 0.032 0.036 0.026 0.029 A 89294
 3039.80881 8.144 8.130 8.150 8.148 8.147 0.050 0.034 0.035 0.033 0.040 A 89556
 3042.73473 8.055 8.081 8.030 8.063 8.062 0.035 0.035 0.035 0.026 0.030 A 89827
 3045.68749 8.062 8.041 8.066 8.067 8.067 0.028 0.027 0.031 0.022 0.024 A 90211
 3048.72561 8.069 8.042 8.057 8.062 8.065 0.037 0.030 0.033 0.027 0.032 A 90626
 3051.67870 8.056 8.055 8.052 8.055 8.055 0.024 0.035 0.028 0.020 0.022 A 91008
 3056.66109 8.051 8.062 8.038 8.046 8.048 0.027 0.036 0.030 0.022 0.023 A 91687
 3060.73126 8.008 8.035 8.002 8.004 8.008 0.046 0.049 0.044 0.040 0.041 A 92241
 3068.66973 8.058 8.053 8.058 8.051 8.054 0.029 0.041 0.030 0.022 0.025 A 93202
 3070.69830 8.063 8.064 8.088 8.068 8.069 0.032 0.037 0.029 0.024 0.028 A 93500
 3072.77894 8.070 8.092 8.044 8.055 8.067 0.034 0.034 0.030 0.026 0.030 A 93781
 3074.80210 8.060 8.086 8.031 8.051 8.055 0.033 0.029 0.032 0.025 0.029 A 94045
 3077.60268 8.026 8.038 8.024 8.031 8.028 0.029 0.030 0.032 0.023 0.025 A 94409
 3079.64647 8.083 8.041 8.059 8.071 8.083 0.043 0.042 0.042 0.037 0.039 A 94712
 3081.64512 8.064 8.079 8.055 8.066 8.064 0.027 0.028 0.030 0.022 0.024 A 95008
 3085.64626 8.070 8.047 8.071 8.067 8.072 0.029 0.029 0.031 0.024 0.026 A 95298
 3087.64443 8.038 8.057 8.021 8.030 8.035 0.037 0.037 0.033 0.029 0.033 A 95609
 3089.67724 8.035 8.037 8.060 8.047 8.043 0.055 0.043 0.040 0.040 0.045 B 95923
 3091.65845 8.060 8.033 8.050 8.057 8.064 0.028 0.031 0.031 0.023 0.026 A 96226
 3093.64119 8.057 8.037 8.060 8.054 8.060 0.030 0.027 0.032 0.024 0.027 A 96526
 3097.64072 8.054 8.047 8.027 8.033 8.054 0.044 0.040 0.039 0.037 0.040 A 96811
 3099.69269 8.080 8.052 8.089 8.082 8.087 0.041 0.033 0.034 0.031 0.035 A 97137
 3101.71414 8.067 8.056 8.080 8.074 8.073 0.034 0.029 0.031 0.025 0.029 A 97454
 3103.71255 8.063 8.094 8.042 8.047 8.060 0.032 0.030 0.031 0.026 0.029 A 97769
 3105.70007 8.063 8.065 8.067 8.067 8.068 0.031 0.030 0.031 0.024 0.027 A 98084
 3107.70151 8.076 8.085 8.080 8.071 8.074 0.026 0.029 0.030 0.021 0.024 A 98400
 3109.69754 8.058 8.056 8.038 8.051 8.060 0.028 0.031 0.029 0.022 0.025 A 98711
 3112.51556 8.093 8.008 8.076 8.080 8.088 0.066 0.071 0.070 0.063 0.064 D 99115
 3114.55034 8.087 8.131 8.061 8.090 8.089 0.026 0.039 0.027 0.021 0.023 A 99460
 3121.52375 8.070 8.070 8.052 8.067 8.067 0.028 0.025 0.029 0.022 0.024 A 100049
 3123.54854 8.068 8.071 8.055 8.063 8.067 0.026 0.027 0.029 0.021 0.023 A 100346
 3125.57964 8.068 8.051 8.046 8.060 8.067 0.029 0.030 0.028 0.021 0.024 A 100693
 3127.60821 8.066 8.034 8.040 8.050 8.065 0.040 0.034 0.034 0.029 0.034 A 101018
 3129.65254 8.055 8.087 8.035 8.045 8.053 0.038 0.033 0.032 0.027 0.032 A 101369
 3131.64222 8.071 8.066 8.087 8.073 8.077 0.035 0.035 0.031 0.025 0.030 A 101652
 3133.64468 8.064 8.051 8.046 8.060 8.065 0.044 0.047 0.037 0.035 0.039 A 101987
 3142.53903 8.061 8.048 8.044 8.054 8.058 0.025 0.029 0.028 0.021 0.023 A 103074
 3145.57168 8.061 8.052 8.052 8.059 8.062 0.027 0.026 0.030 0.022 0.024 A 103392
 3152.47599 8.058 8.026 8.038 8.055 8.063 0.036 0.039 0.034 0.029 0.032 A 103658
 3154.58496 8.075 8.065 8.073 8.074 8.072 0.027 0.026 0.029 0.022 0.025 A 103923
 3158.54209 8.075 8.041 8.049 8.058 8.068 0.034 0.028 0.029 0.024 0.028 A 104372
 3160.55555 8.076 8.074 8.053 8.059 8.069 0.033 0.031 0.031 0.025 0.029 A 104667
 3163.56161 8.060 8.089 8.036 8.056 8.060 0.028 0.038 0.030 0.022 0.023 A 104997
 3165.56608 8.074 8.053 8.078 8.073 8.076 0.028 0.030 0.028 0.022 0.024 A 105344
 3169.48719 8.069 8.050 8.051 8.063 8.067 0.039 0.034 0.035 0.031 0.034 A 105877
 3176.49490 8.084 8.087 8.058 8.081 8.086 0.029 0.030 0.031 0.022 0.025 A 106715
 3179.50010 8.060 8.042 8.042 8.059 8.062 0.028 0.032 0.029 0.022 0.024 A 107163
 3183.52674 8.122 8.106 8.117 8.118 8.121 0.054 0.033 0.037 0.035 0.043 A 107617
 3186.50912 8.063 8.018 8.057 8.058 8.063 0.054 0.052 0.046 0.049 0.051 B 108062
 3190.49066 8.054 8.023 8.067 8.055 8.058 0.032 0.027 0.032 0.024 0.028 A 108555
 3396.72582 8.073 8.071 8.065 8.070 8.081 0.047 0.043 0.042 0.040 0.044 A 127406
 3398.79543 8.076 8.084 8.056 8.067 8.075 0.043 0.076 0.044 0.034 0.038 B 127688
 3400.82116 8.065 8.052 8.044 8.050 8.069 0.033 0.044 0.036 0.026 0.029 A 127973
 3403.80187 8.090 8.058 8.090 8.091 8.091 0.033 0.043 0.033 0.028 0.029 A 128309
 3406.69754 8.066 8.094 8.055 8.064 8.062 0.050 0.098 0.048 0.041 0.045 B 128740
 3408.73612 8.060 8.074 8.053 8.046 8.061 0.048 0.085 0.057 0.044 0.045 B 129062
 3410.79052 8.062 8.083 8.077 8.062 8.064 0.044 0.054 0.052 0.040 0.040 B 129398
 3413.67742 8.059 8.075 8.071 8.057 8.061 0.031 0.051 0.033 0.025 0.027 A 129793
 3415.71835 8.044 8.245 8.116 8.082 8.057 0.033 0.045 0.033 0.026 0.029 A 130135
 3417.72362 8.052 8.040 8.061 8.062 8.048 0.037 0.048 0.035 0.030 0.032 A 130449
 3419.70747 8.058 8.055 8.032 8.050 8.057 0.031 0.044 0.032 0.024 0.027 A 130762
 3425.72818 8.061 8.061 8.071 8.066 8.069 0.040 0.048 0.035 0.030 0.034 A 131707
 3427.76014 8.047 8.024 8.032 8.042 8.050 0.039 0.048 0.032 0.028 0.034 A 132035
 3431.72268 8.052 8.035 8.023 8.046 8.051 0.036 0.047 0.035 0.028 0.031 A 132389
 3433.75087 8.062 8.049 8.044 8.053 8.058 0.034 0.054 0.037 0.032 0.032 A 132722
 3436.74512 8.115 8.097 8.126 8.125 8.122 0.034 0.033 0.032 0.026 0.029 A 133024
 3439.72473 8.074 8.079 8.094 8.077 8.076 0.035 0.043 0.034 0.026 0.030 A 133358
 3443.61552 8.050 7.931 8.022 8.033 8.049 0.053 0.088 0.054 0.051 0.051 B 133737
 3445.64284 8.055 8.047 8.052 8.050 8.056 0.051 0.096 0.052 0.044 0.046 B 134103
 3447.63975 8.055 7.963 8.036 8.050 8.055 0.040 0.079 0.043 0.034 0.036 B 134739
 3449.65716 8.048 8.031 8.044 8.039 8.043 0.078 0.104 0.060 0.057 0.067 D 135073
 3452.60813 8.063 8.057 8.049 8.051 8.060 0.040 0.050 0.036 0.030 0.034 A 135478
 3454.68119 8.114 8.115 8.098 8.106 8.114 0.053 0.099 0.053 0.047 0.048 B 135839
 3456.67360 8.065 8.057 8.087 8.078 8.068 0.038 0.064 0.037 0.029 0.032 A 136189
 3458.66249 8.084 8.087 8.069 8.072 8.082 0.032 0.069 0.039 0.028 0.030 A 136540
 3460.66244 8.055 8.054 8.047 8.046 8.055 0.036 0.050 0.038 0.028 0.030 A 136906
 3462.66946 8.054 8.014 8.043 8.046 8.055 0.043 0.068 0.043 0.036 0.039 A 137180
 3464.70195 8.051 8.007 8.041 8.047 8.052 0.036 0.078 0.038 0.029 0.032 B 137514
 3466.74868 8.063 8.101 8.056 8.064 8.064 0.034 0.061 0.036 0.027 0.029 A 137866
 3469.69769 8.106 8.090 8.094 8.102 8.107 0.036 0.079 0.042 0.031 0.032 B 138268
 3471.70075 8.064 8.051 8.104 8.079 8.074 0.027 0.045 0.034 0.024 0.025 A 138594
 3473.71703 99.999 99.999 99.999 99.999 99.999 0.030 0.046 0.033 0.024 0.026 C 138904
 3476.60102 8.074 8.077 8.088 8.073 8.076 0.039 0.085 0.045 0.035 0.036 B 139362
 3478.59144 8.078 8.093 8.063 8.069 8.077 0.039 0.067 0.039 0.033 0.035 A 139705
 3480.61358 8.092 8.070 8.078 8.080 8.093 0.040 0.083 0.043 0.034 0.035 B 139994
 3482.62694 8.038 8.035 8.037 8.034 8.039 0.040 0.050 0.038 0.032 0.035 A 140320
 3484.67218 8.067 8.069 8.056 8.062 8.069 0.053 0.063 0.042 0.039 0.046 B 140632
 3489.52067 8.042 8.062 8.015 8.038 8.041 0.040 0.083 0.045 0.034 0.036 B 140910
 3491.54262 8.074 8.087 8.095 8.082 8.074 0.047 0.079 0.053 0.044 0.045 B 141276
 3495.53752 8.126 8.125 8.126 8.125 8.129 0.028 0.030 0.032 0.024 0.025 A 141602
 3497.60397 8.058 8.046 8.056 8.056 8.057 0.032 0.062 0.038 0.027 0.029 A 141903
 3500.60707 8.045 8.023 8.025 8.043 8.044 0.044 0.050 0.039 0.035 0.040 A 142260
 3502.61137 8.114 8.107 8.099 8.111 8.115 0.045 0.079 0.053 0.041 0.041 B 142619
 3504.59680 8.045 8.040 8.045 8.036 8.047 0.039 0.077 0.043 0.034 0.035 B 142971
 3509.47873 8.082 8.071 8.060 8.070 8.082 0.039 0.051 0.038 0.036 0.038 A 143371
 3511.61198 8.074 8.058 8.051 8.061 8.069 0.034 0.045 0.034 0.026 0.029 A 143663
 3516.47815 8.061 8.039 8.072 8.063 8.063 0.037 0.039 0.033 0.028 0.032 A 144124
 3520.48025 8.056 8.023 8.030 8.052 8.057 0.038 0.071 0.042 0.035 0.036 A 144617
 3522.51180 99.999 8.004 8.036 99.999 99.999 0.046 0.074 0.043 0.035 0.040 C 144979
 3524.52796 8.092 8.102 8.069 8.070 8.089 0.064 0.091 0.053 0.049 0.056 D 145302
 3526.54948 8.042 8.009 8.025 8.035 8.041 0.038 0.062 0.041 0.031 0.033 A 145649
 3528.55232 8.053 7.991 8.037 8.046 8.052 0.036 0.053 0.037 0.029 0.032 A 145988
 3530.56417 8.051 8.071 7.977 8.034 8.044 0.031 0.060 0.063 0.030 0.028 B 146347
 3538.47785 8.026 8.048 8.017 8.022 8.037 0.049 0.049 0.043 0.042 0.045 B 146788
 3543.52814 8.086 8.090 8.084 8.082 8.083 0.043 0.077 0.042 0.033 0.038 B 147520
 3547.51899 8.066 8.096 8.060 8.063 8.065 0.032 0.048 0.038 0.028 0.029 A 147994
 3556.48409 8.058 8.039 8.056 8.059 8.066 0.042 0.051 0.040 0.038 0.039 A 149023
 3560.47096 8.047 8.036 8.036 8.044 8.050 0.032 0.091 0.046 0.028 0.031 B 149507
 3563.46381 8.055 8.022 8.051 8.050 8.054 0.039 0.044 0.036 0.032 0.034 A 150027
 3570.45712 8.067 8.090 8.050 8.055 8.065 0.036 0.042 0.034 0.028 0.030 A 150699
 3658.87727 8.060 8.031 8.056 8.062 8.061 0.040 0.034 0.034 0.029 0.034 A 162559
 3664.87544 8.111 8.100 8.104 8.111 8.110 0.043 0.040 0.033 0.029 0.034 A 163439
 3669.86891 8.070 8.049 8.072 8.077 8.074 0.034 0.032 0.033 0.025 0.028 A 164045
 3713.81410 8.062 8.015 8.061 8.060 8.067 0.034 0.044 0.033 0.026 0.029 A 169610
 3717.80644 8.062 8.101 8.050 8.059 8.064 0.036 0.043 0.033 0.027 0.031 A 170137
 3724.81814 8.079 8.067 8.074 8.071 8.071 0.036 0.049 0.033 0.027 0.030 A 170927
 3740.77536 8.061 8.033 8.051 8.057 8.059 0.036 0.055 0.036 0.027 0.031 A 172954
 3746.76931 8.070 8.043 8.072 8.070 8.070 0.042 0.038 0.035 0.031 0.035 A 173718
 3749.75788 8.075 8.074 8.060 8.059 8.073 0.039 0.036 0.034 0.029 0.033 A 174136
 3752.77031 8.067 8.035 8.068 8.062 8.063 0.042 0.062 0.042 0.034 0.037 A 174561
 3755.73727 8.073 8.038 8.055 8.061 8.067 0.047 0.081 0.043 0.035 0.041 B 174952
 3760.72851 8.046 8.029 8.040 8.046 8.046 0.033 0.048 0.033 0.026 0.028 A 175650
 3766.71173 8.046 7.971 8.022 8.030 8.045 0.058 0.090 0.058 0.050 0.053 B 176460
 3769.70596 8.051 8.022 8.033 8.049 8.055 0.044 0.041 0.043 0.034 0.038 A 176850
 3772.69724 8.066 8.082 8.037 8.061 8.070 0.034 0.038 0.033 0.026 0.028 A 177232
 3774.81769 8.068 8.038 8.085 8.078 8.072 0.040 0.056 0.039 0.031 0.034 A 177557
 3787.70701 8.033 8.043 8.023 8.029 8.035 0.041 0.062 0.039 0.032 0.035 A 178862
 3792.67499 8.072 8.054 8.077 8.070 8.073 0.043 0.081 0.044 0.036 0.038 B 179564
 3794.72509 8.048 8.028 8.035 8.044 8.048 0.044 0.075 0.045 0.036 0.039 B 179866
 3796.84289 8.060 8.062 8.067 8.061 8.065 0.033 0.043 0.035 0.025 0.028 A 180183
 3799.62191 8.056 8.057 8.042 8.035 8.048 0.040 0.044 0.036 0.031 0.035 A 180531
 3801.66727 8.044 8.020 8.035 8.041 8.047 0.045 0.057 0.044 0.037 0.040 A 180820
 3804.60777 8.066 8.047 8.083 8.074 8.065 0.043 0.069 0.038 0.032 0.036 A 181157
 3806.64834 8.070 8.059 8.086 8.075 8.069 0.039 0.037 0.033 0.028 0.032 A 181470
 3808.78505 8.056 8.057 8.056 8.054 8.052 0.049 0.038 0.039 0.035 0.041 A 181708
 3811.58787 8.068 8.050 8.067 8.066 8.068 0.042 0.070 0.040 0.032 0.036 A 182117
 3813.63551 8.037 7.967 8.045 8.049 8.040 0.060 0.093 0.053 0.046 0.053 B 182455
 3815.65922 8.045 8.030 8.039 8.043 8.044 0.038 0.050 0.035 0.029 0.033 A 182784
 3817.68041 8.051 8.018 8.064 8.059 8.055 0.037 0.049 0.033 0.029 0.032 A 183105
 3819.69391 8.067 8.012 8.048 8.060 8.064 0.034 0.055 0.036 0.027 0.029 A 183434
 3824.56263 8.077 8.086 8.046 8.067 8.073 0.036 0.052 0.033 0.027 0.031 A 184205
 3826.59914 8.058 8.037 8.016 8.045 8.059 0.038 0.054 0.038 0.029 0.033 A 184555
 3828.60890 8.083 8.101 8.075 8.070 8.085 0.039 0.061 0.042 0.033 0.034 A 184903
 3830.67342 8.048 8.007 8.044 8.064 8.049 0.050 0.079 0.051 0.040 0.043 B 185254
 3832.66279 8.121 8.119 8.122 8.120 8.122 0.038 0.066 0.037 0.029 0.031 A 185605
 3836.57843 8.114 8.069 8.105 8.111 8.106 0.050 0.044 0.037 0.034 0.040 A 186263
 3847.53556 8.065 8.067 8.064 8.067 8.066 0.043 0.049 0.038 0.031 0.037 A 186731
 3849.58666 8.056 8.063 8.038 8.032 8.051 0.050 0.097 0.054 0.044 0.046 B 187074
 3851.58822 8.058 8.038 8.070 8.069 8.066 0.031 0.038 0.036 0.025 0.027 A 187420
 3858.56314 8.101 8.083 8.093 8.099 8.102 0.041 0.088 0.043 0.033 0.036 B 188502
 3860.58076 8.068 8.055 8.062 8.061 8.070 0.041 0.076 0.041 0.033 0.036 B 188817
 3863.49679 8.052 7.960 8.058 8.053 8.055 0.048 0.086 0.050 0.041 0.043 B 189309
 3865.51127 8.054 8.009 8.075 8.061 8.054 0.036 0.062 0.037 0.029 0.032 A 189665
 3867.56291 8.054 8.045 8.056 8.045 8.052 0.043 0.045 0.036 0.032 0.037 A 190000
 3869.56732 8.082 8.096 8.084 8.086 8.084 0.041 0.043 0.034 0.030 0.035 A 190344
 3871.56083 8.059 8.047 8.049 8.053 8.057 0.037 0.054 0.035 0.029 0.031 A 190713
 3875.56043 8.064 8.039 8.075 8.066 8.066 0.031 0.040 0.032 0.023 0.025 A 191151
 3881.54519 8.065 8.049 8.044 8.055 8.064 0.030 0.031 0.029 0.023 0.026 A 191961
 3883.60725 8.079 8.050 8.053 8.073 8.078 0.037 0.053 0.038 0.030 0.033 A 192252
 3887.57376 8.113 8.064 8.082 8.099 8.108 0.034 0.043 0.039 0.030 0.031 A 192636
 3890.49633 8.160 8.240 8.162 8.160 8.159 0.030 0.039 0.032 0.024 0.026 A 193130
 3892.51160 8.066 8.094 8.053 8.058 8.071 0.033 0.038 0.032 0.025 0.028 A 193483
 3896.50898 8.057 8.065 8.043 8.057 8.058 0.035 0.034 0.034 0.026 0.030 A 193990
 3898.54393 8.134 8.100 8.136 8.130 8.133 0.035 0.036 0.032 0.027 0.031 A 194322
 3900.56457 8.060 8.039 8.067 8.054 8.055 0.039 0.036 0.034 0.029 0.032 A 194634
 3903.48665 8.060 8.018 8.065 8.059 8.062 0.030 0.031 0.031 0.023 0.025 A 195171
 3905.50612 8.071 8.088 8.067 8.064 8.069 0.035 0.057 0.036 0.029 0.031 A 195554
 3907.52029 8.056 8.064 8.027 8.049 8.058 0.031 0.041 0.032 0.024 0.027 A 195946
 4250.54977 8.126 8.096 8.149 8.131 8.123 0.038 0.044 0.040 0.032 0.035 A 226647
 4257.52232 8.066 8.035 8.063 8.060 8.068 0.089 0.075 0.074 0.076 0.082 D 227379
 4259.53864 8.045 8.043 8.053 8.047 8.046 0.037 0.042 0.039 0.031 0.034 A 227644
 4507.73994 8.111 8.092 8.058 8.092 8.110 0.038 0.057 0.041 0.033 0.035 A 256174
 4616.52871 8.063 8.031 8.039 8.048 8.055 0.032 0.048 0.040 0.030 0.031 A 271138
 4984.47408 8.064 8.074 8.049 8.065 8.074 0.096 0.080 0.066 0.065 0.080 D 316213
 1966.68143 8.155 8.862 8.589 8.406 8.235 0.026 0.040 0.042 0.028 0.032 A 11380
 2981.81287 29.999 29.999 29.999 29.999 29.999 0.032 0.029 0.033 0.025 0.029 C 83582
 3159.58853 29.999 29.999 29.999 29.999 29.999 0.044 0.036 0.037 0.032 0.038 C 104557
 3184.54034 29.999 29.999 29.999 29.999 29.999 0.032 0.030 0.033 0.024 0.027 C 107800
 3684.85850 29.999 29.999 29.999 29.999 29.999 0.043 0.047 0.038 0.031 0.036 C 165965
 4512.73935 8.042 9.236 8.563 8.229 8.086 0.039 0.054 0.044 0.035 0.036 B 256858
 1871.83196 8.183 8.214 8.170 8.175 8.176 0.034 0.072 0.037 0.027 0.028 B 605
 1873.83395 8.074 8.058 8.052 8.065 8.071 0.035 0.072 0.039 0.028 0.030 B 930
 1875.82400 8.065 8.061 8.040 8.050 8.059 0.034 0.075 0.039 0.028 0.029 B 1248
 1877.81847 8.074 8.093 8.054 8.059 8.072 0.030 0.057 0.035 0.024 0.026 A 1564
 1879.81686 8.131 8.103 8.108 8.123 8.126 0.031 0.056 0.035 0.025 0.028 A 1879
 1881.81256 8.066 7.999 8.051 8.059 8.062 0.030 0.051 0.035 0.024 0.026 A 2191
 1885.78157 8.072 8.039 8.050 8.064 8.070 0.029 0.040 0.035 0.022 0.025 A 2486
 1887.79441 8.079 8.167 8.086 8.083 8.080 0.033 0.063 0.037 0.026 0.029 A 2811
 1889.79501 8.179 8.172 8.161 8.175 8.176 0.033 0.055 0.036 0.026 0.029 A 3133
 1899.83052 8.124 8.094 8.104 8.117 8.116 0.028 0.036 0.035 0.023 0.024 A 3277
 1902.79575 8.080 8.104 8.070 8.075 8.075 0.028 0.038 0.032 0.022 0.024 A 3578
 1904.77378 8.365 8.295 8.349 8.363 8.361 0.029 0.048 0.033 0.023 0.025 A 3887
 1906.77358 8.082 8.106 8.071 8.080 8.082 0.029 0.045 0.035 0.023 0.025 A 4211
 1908.76354 8.087 8.062 8.063 8.076 8.083 0.027 0.038 0.033 0.022 0.024 A 4528
 1913.79244 8.074 8.063 8.044 8.056 8.068 0.028 0.040 0.032 0.022 0.025 A 4673
 1914.85113 8.083 8.129 8.071 8.075 8.079 0.028 0.040 0.034 0.023 0.024 A 4861
 1915.86084 8.232 8.205 8.210 8.228 8.228 0.029 0.041 0.037 0.025 0.026 A 5023
 1919.75558 8.060 8.003 8.029 8.050 8.059 0.032 0.041 0.036 0.025 0.027 A 5352
 1920.82389 8.060 8.087 8.039 8.047 8.057 0.033 0.043 0.037 0.025 0.028 A 5544
 1921.79833 8.126 8.101 8.111 8.121 8.126 0.030 0.038 0.037 0.025 0.026 A 5690
 1924.77708 8.170 8.133 8.154 8.165 8.162 0.029 0.040 0.034 0.024 0.026 A 6167
 1925.77540 8.107 8.083 8.078 8.093 8.102 0.036 0.042 0.038 0.029 0.032 A 6335
 1926.76517 8.137 8.100 8.118 8.125 8.129 0.029 0.039 0.035 0.024 0.025 A 6500
 1928.76484 8.069 8.068 8.047 8.061 8.063 0.028 0.040 0.034 0.022 0.024 A 6826
 1929.76543 8.071 8.024 8.048 8.066 8.066 0.026 0.033 0.034 0.022 0.023 A 6979
 1930.75852 8.074 8.044 8.048 8.062 8.070 0.027 0.036 0.035 0.023 0.024 A 7143
 1931.76284 8.061 8.091 8.047 8.052 8.057 0.028 0.034 0.035 0.024 0.024 A 7316
 1932.75569 8.063 8.029 8.050 8.060 8.059 0.026 0.037 0.034 0.022 0.022 A 7476
 1933.77921 8.169 8.129 8.156 8.168 8.168 0.029 0.039 0.038 0.026 0.027 A 7650
 1935.66307 8.079 8.087 8.067 8.070 8.073 0.027 0.036 0.033 0.023 0.024 A 7909
 1935.79073 8.051 8.011 8.029 8.042 8.049 0.025 0.038 0.038 0.023 0.023 A 7946
 1936.78791 8.073 8.050 8.041 8.055 8.067 0.025 0.037 0.037 0.023 0.023 A 8063
 1938.71698 8.068 8.018 8.032 8.057 8.060 0.026 0.033 0.035 0.022 0.023 A 8284
 1940.70915 8.073 8.029 8.058 8.074 8.072 0.025 0.034 0.034 0.021 0.022 A 8525
 1945.76175 8.072 8.033 8.050 8.062 8.067 0.026 0.034 0.037 0.023 0.024 A 8712
 1947.68902 8.082 8.054 8.059 8.077 8.080 0.030 0.037 0.033 0.024 0.026 A 8937
 1948.71809 8.105 8.050 8.085 8.099 8.099 0.031 0.037 0.035 0.025 0.026 A 9072
 1949.74206 8.171 8.163 8.169 8.175 8.171 0.032 0.065 0.054 0.035 0.030 B 9232
 1950.75759 8.076 8.066 8.086 8.075 8.070 0.029 0.068 0.053 0.033 0.027 B 9415
 1953.70778 8.062 8.032 8.043 8.059 8.060 0.026 0.039 0.041 0.026 0.026 A 9701
 1954.71208 8.065 8.095 8.030 8.055 8.061 0.030 0.050 0.048 0.032 0.030 B 9881
 1955.70276 8.128 8.142 8.092 8.117 8.123 0.030 0.046 0.047 0.031 0.030 B 10056
 1958.68919 8.064 8.052 8.046 8.054 8.060 0.026 0.034 0.040 0.025 0.027 A 10223
 1961.66666 8.064 8.059 8.073 8.067 8.062 0.026 0.037 0.042 0.026 0.026 A 10490
 1962.71248 8.081 8.048 8.064 8.074 8.076 0.029 0.041 0.042 0.030 0.033 A 10659
 1963.69170 8.072 8.085 8.052 8.068 8.071 0.027 0.042 0.043 0.029 0.032 A 10832
 1964.68829 8.071 8.079 8.037 8.053 8.064 0.025 0.039 0.040 0.025 0.027 A 11011
 1965.68361 8.070 8.097 8.048 8.060 8.063 0.024 0.035 0.040 0.026 0.027 A 11196
 1966.68143 8.122 8.131 8.091 8.109 8.120 0.026 0.040 0.042 0.028 0.032 A 11380
 1967.67602 8.067 8.029 8.065 8.072 8.070 0.027 0.039 0.042 0.029 0.032 A 11545
 1968.67341 8.068 8.057 8.066 8.071 8.066 0.029 0.043 0.041 0.029 0.036 A 11719
 1978.68488 8.055 8.081 8.007 8.033 8.049 0.046 0.055 0.050 0.042 0.051 B 12053
 1979.65376 8.052 8.068 8.022 8.045 8.049 0.042 0.051 0.047 0.038 0.048 B 12233
 1980.65716 8.059 8.070 8.041 8.058 8.058 0.040 0.049 0.048 0.037 0.047 B 12382
 1981.66982 8.074 8.054 8.074 8.079 8.070 0.036 0.047 0.047 0.035 0.043 B 12568
 1982.64646 8.065 8.078 8.038 8.048 8.064 0.032 0.043 0.043 0.032 0.039 A 12750
 1984.64262 8.081 8.038 8.108 8.085 8.076 0.035 0.048 0.044 0.033 0.040 A 12964
 1985.63727 8.078 8.092 8.057 8.067 8.080 0.034 0.047 0.046 0.035 0.040 B 13154
 1993.63718 8.050 8.073 8.060 8.055 8.048 0.037 0.053 0.047 0.035 0.041 B 13301
 1994.62127 8.055 8.075 8.019 8.043 8.055 0.039 0.050 0.046 0.034 0.043 B 13439
 1995.61689 8.081 8.069 8.073 8.086 8.083 0.043 0.053 0.047 0.035 0.044 B 13634
 1996.61319 8.084 8.097 8.096 8.102 8.097 0.043 0.055 0.050 0.036 0.045 B 13832
 1997.61381 8.074 8.094 8.076 8.073 8.071 0.042 0.056 0.050 0.037 0.045 B 14036
 1998.61322 8.070 8.056 8.077 8.068 8.075 0.046 0.058 0.050 0.037 0.046 B 14233
 2000.60339 8.090 8.094 8.098 8.104 8.105 0.048 0.062 0.054 0.041 0.048 B 14637
 2011.56961 8.083 8.079 8.117 8.090 8.085 0.050 0.060 0.054 0.041 0.050 B 15548
 2014.56484 8.120 8.143 8.104 8.122 8.118 0.047 0.063 0.052 0.038 0.046 B 15749
 2016.56579 8.070 8.054 8.084 8.083 8.082 0.048 0.065 0.055 0.042 0.048 B 15930
 2025.51765 8.165 8.063 8.153 8.163 8.162 0.028 0.044 0.032 0.022 0.025 A 17140
 2026.54971 8.063 8.090 8.048 8.056 8.061 0.033 0.053 0.035 0.026 0.029 A 17369
 2027.54834 8.056 8.051 8.040 8.044 8.050 0.031 0.052 0.035 0.025 0.027 A 17586
 2030.52386 8.053 8.027 8.045 8.026 8.052 0.036 0.065 0.039 0.030 0.032 A 17755
 2033.53065 8.058 8.018 8.008 8.036 8.049 0.030 0.053 0.036 0.026 0.027 A 18409
 2038.50996 8.059 8.009 8.063 8.075 8.065 0.035 0.068 0.037 0.027 0.029 B 19059
 2052.47420 8.060 8.013 8.021 8.042 8.054 0.033 0.062 0.036 0.025 0.028 A 19754
 2054.52202 8.242 8.305 8.244 8.240 8.232 0.056 0.082 0.055 0.047 0.050 B 20204
 2056.51032 8.062 8.017 8.057 8.067 8.059 0.031 0.054 0.035 0.025 0.028 A 20641
 2060.45285 8.098 8.091 8.077 8.084 8.098 0.073 0.070 0.053 0.051 0.061 D 21331
 2064.47643 8.074 8.025 8.061 8.077 8.073 0.037 0.065 0.037 0.028 0.031 A 21572
 2068.46692 8.074 8.057 8.037 8.052 8.066 0.031 0.050 0.036 0.027 0.028 A 22002
 2070.49246 8.059 8.065 8.016 8.048 8.054 0.029 0.034 0.032 0.023 0.024 A 22465
 2080.50268 8.059 7.990 8.021 8.047 8.053 0.031 0.055 0.041 0.028 0.027 A 22840
 2085.45585 8.077 8.067 8.051 8.060 8.072 0.031 0.049 0.035 0.025 0.027 A 23741
 2088.46225 8.063 8.051 8.046 8.054 8.059 0.031 0.060 0.036 0.026 0.028 A 24417
 2247.83389 8.071 8.095 8.052 8.055 8.056 0.043 0.053 0.049 0.036 0.042 B 42419
 2249.81133 8.068 8.061 8.041 8.064 8.063 0.037 0.049 0.044 0.032 0.038 A 42771
 2252.78387 8.072 8.080 8.106 8.084 8.085 0.043 0.053 0.049 0.037 0.045 B 43243
 2255.79538 8.077 8.057 8.084 8.080 8.071 0.040 0.050 0.047 0.035 0.040 B 43697
 2257.79477 8.069 8.060 8.046 8.063 8.051 0.044 0.054 0.050 0.038 0.045 B 44018
 2260.84456 8.078 8.073 8.101 8.095 8.115 0.048 0.062 0.054 0.041 0.049 B 44330
 2262.80707 8.063 8.080 8.047 8.071 8.045 0.051 0.063 0.051 0.041 0.049 B 44617
 2265.76301 8.095 8.059 8.091 8.104 8.123 0.047 0.064 0.058 0.043 0.047 B 45032
 2269.80637 8.072 8.081 8.053 8.050 8.099 0.051 0.069 0.057 0.042 0.049 B 45313
 2443.45083 8.086 8.069 8.116 8.096 8.092 0.025 0.038 0.039 0.023 0.024 A 8593
 2464.46704 8.073 8.065 8.107 8.098 8.091 0.027 0.054 0.050 0.032 0.028 B 10767
 2470.45251 8.071 8.078 8.082 8.090 8.078 0.030 0.049 0.049 0.034 0.031 B 11917
 2621.86736 8.062 8.074 8.020 8.046 8.055 0.030 0.031 0.035 0.025 0.026 A 29900
 2623.81920 8.068 8.029 8.072 8.068 8.070 0.024 0.031 0.049 0.028 0.026 B 30211
 2627.80113 8.077 8.029 8.066 8.070 8.077 0.028 0.034 0.034 0.024 0.024 A 30641
 2630.82868 8.124 8.418 8.320 8.246 8.165 0.029 0.028 0.036 0.027 0.028 A 31307
 2637.85871 8.141 8.106 8.106 8.127 8.135 0.025 0.032 0.031 0.021 0.022 A 32613
 2640.81651 8.067 8.079 8.028 8.045 8.056 0.025 0.031 0.035 0.024 0.023 A 33056
 2643.80446 8.067 8.026 8.043 8.055 8.065 0.024 0.026 0.031 0.021 0.023 A 33492
 2646.76366 8.086 8.057 8.105 8.099 8.095 0.025 0.032 0.032 0.022 0.023 A 33926
 2651.77057 8.068 7.997 8.072 8.077 8.069 0.023 0.030 0.036 0.023 0.022 A 34492
 2657.74841 8.060 8.032 8.010 8.054 8.054 0.028 0.026 0.038 0.024 0.025 A 35473
 2659.78759 8.158 8.151 8.140 8.157 8.159 0.028 0.038 0.031 0.023 0.025 A 35830
 2661.81372 8.077 8.021 8.046 8.053 8.066 0.027 0.034 0.033 0.021 0.023 A 36185
 2663.80005 8.071 8.027 8.030 8.056 8.060 0.026 0.041 0.032 0.023 0.024 A 36518
 2665.79362 8.074 8.063 8.029 8.057 8.070 0.023 0.030 0.033 0.020 0.021 A 36864
 2667.78393 8.070 8.030 8.073 8.075 8.077 0.024 0.029 0.036 0.022 0.023 A 37166
 2669.82189 8.066 8.071 8.036 8.059 8.064 0.024 0.029 0.031 0.020 0.022 A 37507
 2671.77269 8.054 8.017 8.012 8.045 8.045 0.025 0.030 0.039 0.023 0.025 A 37817
 2673.77635 8.081 8.081 8.138 8.115 8.109 0.025 0.029 0.041 0.023 0.024 A 38151
 2675.75591 8.070 8.080 8.041 8.056 8.061 0.024 0.029 0.033 0.020 0.021 A 38505
 2677.73934 8.062 8.063 8.024 8.053 8.058 0.023 0.032 0.030 0.020 0.021 A 38846
 2683.72024 8.058 8.060 8.018 8.038 8.049 0.109 0.104 0.108 0.105 0.106 D 39849
 2685.71236 8.078 8.046 8.054 8.062 8.071 0.027 0.028 0.030 0.023 0.024 A 40208
 2689.71760 8.075 8.013 8.071 8.079 8.076 0.029 0.028 0.030 0.023 0.025 A 40940
 2691.72693 8.080 8.039 8.065 8.067 8.077 0.027 0.032 0.034 0.024 0.024 A 41318
 2693.74130 8.076 8.073 8.072 8.088 8.082 0.024 0.030 0.036 0.022 0.022 A 41625
 2695.71825 8.084 8.035 8.070 8.085 8.079 0.025 0.029 0.032 0.023 0.023 A 41984
 2699.71970 8.095 8.063 8.126 8.125 8.109 0.024 0.032 0.037 0.026 0.022 A 42735
 2701.71774 8.076 8.058 8.105 8.111 8.092 0.024 0.030 0.035 0.025 0.022 A 43118
 2703.71361 8.141 8.095 8.158 8.150 8.146 0.025 0.027 0.044 0.027 0.028 A 43499
 2705.70602 8.054 8.001 8.025 8.047 8.052 0.025 0.029 0.032 0.022 0.023 A 43870
 2707.70254 8.073 8.033 8.046 8.062 8.067 0.027 0.027 0.038 0.025 0.024 A 44234
 2709.67628 8.057 8.020 8.012 8.044 8.049 0.024 0.027 0.031 0.021 0.022 A 44587
 2710.81469 8.083 8.054 8.054 8.067 8.079 0.028 0.034 0.035 0.024 0.025 A 44825
 2712.64046 8.055 8.034 8.023 8.033 8.048 0.025 0.031 0.030 0.021 0.022 A 45123
 2713.81668 8.077 8.089 8.061 8.077 8.074 0.025 0.030 0.036 0.022 0.023 A 45393
 2717.62090 8.077 8.073 8.098 8.094 8.083 0.029 0.029 0.033 0.023 0.025 A 45847
 2719.67976 8.063 8.040 8.046 8.065 8.060 0.028 0.030 0.032 0.024 0.024 A 46114
 2720.80376 8.086 8.069 8.075 8.072 8.081 0.031 0.035 0.032 0.024 0.026 A 46361
 2725.67415 8.112 8.100 8.096 8.106 8.109 0.024 0.027 0.031 0.020 0.021 A 47278
 2727.66775 8.062 8.052 8.039 8.052 8.056 0.024 0.035 0.030 0.020 0.022 A 47665
 2731.78641 8.067 8.016 8.061 8.075 8.068 0.029 0.034 0.035 0.022 0.024 A 48388
 2734.56512 8.061 8.027 8.021 8.058 8.054 0.023 0.029 0.034 0.020 0.021 A 48794
 2736.59321 8.114 8.092 8.088 8.117 8.114 0.025 0.032 0.029 0.021 0.023 A 49194
 2738.59529 8.069 8.031 8.037 8.053 8.062 0.025 0.034 0.031 0.021 0.022 A 49582
 2740.61669 8.070 8.072 8.043 8.055 8.061 0.025 0.027 0.031 0.021 0.022 A 49942
 2745.66597 8.075 8.064 8.070 8.082 8.073 0.039 0.035 0.038 0.029 0.033 A 50941
 2750.56753 8.070 8.034 8.039 8.063 8.068 0.023 0.031 0.039 0.022 0.020 A 51603
 2751.66269 8.066 8.039 8.006 8.053 8.057 0.025 0.040 0.044 0.024 0.024 A 51838
 2754.61783 8.112 8.106 8.126 8.122 8.113 0.023 0.033 0.034 0.021 0.021 A 52234
 2756.61721 8.066 8.064 8.030 8.050 8.057 0.024 0.031 0.035 0.022 0.022 A 52646
 2759.52209 8.079 8.029 8.098 8.096 8.086 0.040 0.039 0.042 0.035 0.036 B 53169
 2760.69672 8.048 8.025 8.045 8.050 8.049 0.040 0.037 0.044 0.036 0.038 B 53450
 2762.66426 8.123 8.111 8.110 8.128 8.121 0.064 0.058 0.058 0.055 0.059 D 53844
 2764.64027 8.077 8.041 8.064 8.081 8.073 0.025 0.030 0.035 0.024 0.024 A 54247
 2766.65125 8.070 8.050 8.034 8.058 8.067 0.027 0.032 0.033 0.022 0.024 A 54530
 2775.49512 8.063 8.027 8.035 8.060 8.058 0.027 0.027 0.033 0.022 0.025 A 55022
 2776.60388 8.143 8.124 8.100 8.128 8.137 0.027 0.032 0.043 0.024 0.026 A 55293
 2782.50835 8.055 8.021 8.017 8.045 8.049 0.023 0.031 0.035 0.019 0.020 A 55660
 2784.51809 8.077 8.080 8.105 8.088 8.081 0.026 0.031 0.038 0.024 0.025 A 56091
 2786.51612 8.064 8.030 8.039 8.062 8.060 0.024 0.031 0.037 0.022 0.022 A 56516
 2789.51438 8.067 8.074 8.028 8.049 8.064 0.030 0.031 0.036 0.025 0.026 A 57055
 2791.54427 8.085 8.120 8.037 8.075 8.074 0.026 0.038 0.047 0.025 0.026 B 57511
 2794.50373 8.093 8.049 8.112 8.121 8.118 0.029 0.040 0.063 0.040 0.039 B 58010
 2809.46570 8.072 8.099 8.053 8.055 8.067 0.025 0.032 0.034 0.021 0.023 A 59434
 2811.48240 8.059 8.046 8.040 8.058 8.052 0.023 0.033 0.035 0.021 0.023 A 59891
 2813.48264 99.999 99.999 99.999 99.999 99.999 0.025 0.041 0.049 0.025 0.025 C 60347
 2826.46320 8.060 8.076 8.041 8.055 8.053 0.025 0.031 0.035 0.022 0.024 A 61964
 2830.46408 8.075 8.040 8.091 8.078 8.082 0.025 0.031 0.036 0.023 0.024 A 62439
 2832.48545 8.071 8.057 8.035 8.062 8.064 0.028 0.032 0.034 0.022 0.024 A 62897
 2834.48886 29.999 29.999 29.999 29.999 29.999 0.029 0.033 0.035 0.023 0.025 C 63278
 2836.49115 8.065 8.043 8.065 8.065 8.063 0.025 0.029 0.032 0.020 0.022 A 63621
 2943.86927 8.063 8.012 8.034 8.051 8.065 0.032 0.029 0.042 0.031 0.033 A 78465
 2947.86493 8.058 8.015 8.040 8.049 8.053 0.042 0.041 0.043 0.038 0.039 B 79102
 2956.85602 8.066 8.068 8.034 8.058 8.063 0.030 0.031 0.033 0.025 0.026 A 80326
 2963.83835 8.070 8.014 8.090 8.084 8.083 0.029 0.029 0.033 0.023 0.025 A 81279
 2967.82978 8.054 8.070 8.020 8.049 8.055 0.029 0.031 0.036 0.025 0.028 A 81846
 2971.82750 8.142 8.132 8.110 8.121 8.130 0.028 0.027 0.030 0.022 0.024 A 82320
 2978.81735 8.052 8.016 8.036 8.040 8.051 0.047 0.045 0.049 0.045 0.046 B 83199
 2984.83980 8.053 8.012 8.030 8.052 8.048 0.032 0.036 0.034 0.024 0.027 A 83983
 2987.85655 8.056 8.028 8.048 8.055 8.056 0.027 0.034 0.033 0.022 0.024 A 84389
 2990.83242 8.058 8.046 8.011 8.056 8.056 0.032 0.030 0.036 0.025 0.028 A 84719
 2996.83005 8.073 8.033 8.046 8.061 8.074 0.042 0.043 0.041 0.037 0.039 B 85521
 3000.83348 8.135 8.169 8.109 8.130 8.131 0.028 0.043 0.032 0.022 0.024 A 85930
 3003.81019 8.059 8.069 8.029 8.059 8.056 0.031 0.035 0.034 0.024 0.026 A 86317
 3006.81324 8.048 8.049 8.014 8.045 8.047 0.047 0.033 0.039 0.031 0.039 B 86654
 3009.80232 8.061 8.039 8.027 8.043 8.049 0.030 0.034 0.033 0.024 0.027 A 87035
 3012.79403 8.056 8.024 8.057 8.057 8.063 0.029 0.029 0.032 0.023 0.025 A 87432
 3017.83315 8.061 8.051 8.064 8.070 8.065 0.026 0.033 0.034 0.021 0.024 A 87950
 3023.81484 8.054 8.025 8.019 8.038 8.042 0.034 0.031 0.035 0.025 0.029 A 88362
 3030.74492 8.062 8.044 8.022 8.043 8.057 0.035 0.035 0.035 0.029 0.031 A 88767
 3033.72732 8.084 8.085 8.037 8.082 8.078 0.028 0.028 0.035 0.024 0.026 A 89056
 3035.79418 8.046 8.034 8.021 8.040 8.047 0.029 0.036 0.034 0.025 0.027 A 89305
 3042.74230 8.059 8.047 8.026 8.054 8.051 0.033 0.037 0.038 0.025 0.030 A 89830
 3045.70604 8.067 8.053 8.026 8.054 8.057 0.029 0.034 0.030 0.022 0.025 A 90218
 3048.74088 8.065 8.063 8.040 8.065 8.063 0.031 0.035 0.034 0.025 0.028 A 90632
 3051.69892 8.063 8.061 8.030 8.052 8.058 0.025 0.032 0.032 0.021 0.023 A 91015
 3053.78313 8.062 8.019 8.053 8.053 8.061 0.049 0.048 0.052 0.044 0.046 B 91318
 3056.67919 8.040 8.021 8.029 8.039 8.039 0.029 0.034 0.033 0.023 0.026 A 91692
 3060.74897 8.011 8.012 8.020 8.016 8.008 0.045 0.045 0.049 0.039 0.041 B 92247
 3062.79042 8.115 8.092 8.103 8.121 8.118 0.036 0.032 0.038 0.030 0.033 A 92532
 3066.66435 8.121 8.133 8.084 8.104 8.114 0.026 0.056 0.035 0.023 0.024 A 92908
 3068.69868 8.066 8.017 8.090 8.088 8.078 0.028 0.046 0.033 0.023 0.026 A 93213
 3071.69167 8.047 8.056 8.020 8.034 8.046 0.034 0.028 0.038 0.027 0.030 A 93644
 3073.71931 8.112 8.093 8.110 8.118 8.119 0.030 0.030 0.032 0.023 0.026 A 93897
 3075.72294 8.059 8.034 8.046 8.057 8.064 0.027 0.030 0.032 0.022 0.024 A 94168
 3079.74363 8.065 8.059 8.066 8.079 8.064 0.027 0.030 0.032 0.023 0.025 A 94746
 3081.77263 8.054 8.044 8.019 8.044 8.050 0.028 0.028 0.033 0.024 0.026 A 95050
 3085.76887 8.021 8.020 8.005 8.025 8.023 0.041 0.031 0.036 0.032 0.036 A 95343
 3087.76799 8.039 8.054 8.013 8.025 8.025 0.038 0.032 0.036 0.032 0.035 A 95652
 3090.58806 8.021 7.999 8.021 8.030 8.029 0.058 0.060 0.057 0.050 0.054 B 96050
 3092.63310 8.058 8.045 8.040 8.055 8.058 0.025 0.027 0.036 0.023 0.024 A 96374
 3096.61625 8.062 8.043 8.025 8.057 8.059 0.027 0.025 0.032 0.022 0.024 A 96646
 3099.62594 8.143 8.110 8.112 8.134 8.137 0.033 0.031 0.037 0.025 0.029 A 97121
 3101.62596 8.084 8.061 8.077 8.092 8.085 0.030 0.027 0.035 0.023 0.026 A 97425
 3103.63030 8.087 8.067 8.099 8.099 8.093 0.027 0.032 0.035 0.022 0.025 A 97742
 3105.62738 8.020 8.005 8.021 8.030 8.035 0.035 0.033 0.034 0.027 0.031 A 98059
 3107.63216 8.074 8.051 8.073 8.066 8.078 0.024 0.028 0.032 0.021 0.023 A 98376
 3109.63492 8.057 8.065 8.052 8.050 8.055 0.028 0.030 0.033 0.023 0.025 A 98688
 3111.63374 99.999 99.999 99.999 99.999 99.999 0.026 0.027 0.031 0.022 0.023 C 99001
 3113.65892 8.060 8.062 8.072 8.069 8.065 0.027 0.031 0.032 0.022 0.024 A 99331
 3115.65198 8.073 8.051 8.096 8.082 8.078 0.028 0.030 0.032 0.023 0.025 A 99660
 3122.60030 29.999 29.999 29.999 29.999 29.999 0.024 0.033 0.030 0.020 0.022 C 100195
 3125.52700 8.104 8.068 8.063 8.100 8.105 0.030 0.033 0.033 0.025 0.027 A 100674
 3127.55407 8.063 8.051 8.026 8.040 8.050 0.031 0.035 0.034 0.024 0.027 A 100999
 3129.56680 8.071 8.064 8.060 8.062 8.070 0.033 0.031 0.032 0.024 0.028 A 101342
 3131.56950 8.065 8.030 8.054 8.061 8.065 0.029 0.029 0.031 0.023 0.027 A 101626
 3133.57278 8.062 8.048 8.021 8.056 8.059 0.027 0.027 0.031 0.021 0.023 A 101962
 3146.63569 8.118 8.107 8.096 8.110 8.112 0.026 0.026 0.033 0.022 0.024 A 103517
 3156.59381 8.069 8.042 8.066 8.072 8.071 0.030 0.028 0.033 0.023 0.026 A 104151
 3177.55914 8.069 8.055 8.054 8.073 8.066 0.029 0.028 0.033 0.024 0.026 A 106879
 3358.80127 8.076 7.990 8.041 8.069 8.072 0.031 0.047 0.034 0.025 0.026 A 124741
 3362.79491 8.088 8.018 8.057 8.085 8.087 0.035 0.046 0.035 0.028 0.030 A 124884
 3373.86784 8.152 8.185 8.111 8.116 8.145 0.059 0.102 0.058 0.052 0.056 B 125393
 3385.77604 8.071 8.038 8.045 8.063 8.070 0.039 0.069 0.046 0.033 0.034 B 126081
 3387.82036 8.074 8.033 8.044 8.064 8.069 0.043 0.043 0.038 0.033 0.037 A 126380
 3390.76941 8.155 8.168 8.125 8.122 8.140 0.050 0.092 0.052 0.045 0.047 B 126766
 3393.81063 8.051 8.009 8.026 8.043 8.044 0.058 0.084 0.053 0.047 0.052 B 127058
 3396.74840 8.140 8.026 8.112 8.135 8.136 0.038 0.074 0.042 0.031 0.034 B 127414
 3400.78713 8.100 8.136 8.081 8.091 8.096 0.034 0.057 0.040 0.028 0.030 A 127961
 3403.78205 8.086 8.098 8.065 8.073 8.081 0.031 0.035 0.041 0.030 0.029 A 128302
 3406.71705 8.052 8.028 8.030 8.044 8.046 0.034 0.037 0.033 0.028 0.029 A 128747
 3408.77168 8.062 8.058 8.042 8.054 8.056 0.039 0.077 0.042 0.034 0.037 B 129075
 3411.70746 8.073 8.089 8.056 8.060 8.069 0.030 0.039 0.032 0.024 0.026 A 129506
 3413.74582 8.090 8.109 8.085 8.093 8.090 0.034 0.080 0.038 0.029 0.032 B 129819
 3415.76361 8.051 8.019 8.022 8.039 8.046 0.034 0.060 0.041 0.031 0.031 A 130152
 3418.68703 8.086 8.051 8.060 8.078 8.082 0.035 0.041 0.035 0.030 0.031 A 130593
 3422.73518 8.068 8.058 8.079 8.058 8.070 0.045 0.081 0.051 0.039 0.040 B 131244
 3425.60829 8.057 8.038 8.029 8.052 8.055 0.038 0.038 0.034 0.027 0.032 A 131662
 3427.72294 8.063 8.003 8.031 8.046 8.060 0.049 0.080 0.048 0.041 0.044 B 132021
 3431.71773 8.052 7.998 8.023 8.037 8.052 0.054 0.081 0.050 0.046 0.052 B 132387
 3433.74586 8.031 8.092 8.065 8.042 8.025 0.044 0.081 0.051 0.040 0.042 B 132720
 3436.74012 8.133 8.125 8.122 8.129 8.132 0.031 0.030 0.034 0.025 0.028 A 133022
 3439.71891 8.076 8.027 8.086 8.096 8.074 0.033 0.036 0.067 0.031 0.030 B 133356
 3442.83229 8.071 8.001 8.040 8.059 8.068 0.030 0.038 0.035 0.025 0.026 A 133655
 3444.73539 8.065 8.032 8.055 8.060 8.061 0.040 0.045 0.034 0.028 0.033 A 133958
 3446.75227 8.079 8.012 8.066 8.081 8.077 0.027 0.060 0.038 0.025 0.024 A 134608
 3448.74536 8.050 7.975 8.018 8.035 8.043 0.047 0.056 0.048 0.041 0.044 B 134942
 3450.67994 8.093 8.047 8.065 8.083 8.094 0.044 0.053 0.044 0.036 0.039 B 135260
 3454.64217 8.047 8.047 7.997 8.038 8.039 0.036 0.083 0.055 0.033 0.033 B 135824
 3455.81207 99.999 8.043 8.061 99.999 99.999 0.045 0.038 0.037 0.032 0.038 C 136067
 3457.71450 8.078 8.192 8.077 8.073 8.070 0.040 0.063 0.041 0.031 0.034 A 136383
 3459.71068 8.058 7.997 8.036 8.049 8.056 0.029 0.058 0.032 0.023 0.025 A 136739
 3461.74367 8.064 8.033 8.041 8.052 8.060 0.034 0.040 0.035 0.025 0.029 A 137071
 3464.55677 8.060 8.050 8.019 8.049 8.055 0.025 0.052 0.033 0.022 0.023 A 137462
 3466.61197 8.037 7.940 7.993 8.025 8.033 0.034 0.078 0.041 0.029 0.030 B 137819
 3469.60890 99.999 8.085 8.043 99.999 99.999 0.026 0.034 0.032 0.023 0.024 C 138238
 3471.61408 8.057 7.976 8.021 8.046 8.054 0.028 0.057 0.041 0.026 0.026 A 138564
 3473.61503 8.130 8.099 8.118 8.128 8.126 0.027 0.037 0.034 0.022 0.024 A 138869
 3475.72629 8.070 7.988 8.037 8.053 8.064 0.049 0.075 0.044 0.036 0.042 B 139237
 3477.67389 8.079 8.125 8.073 8.069 8.074 0.034 0.073 0.040 0.028 0.029 B 139557
 3484.59090 8.116 8.043 8.077 8.095 8.107 0.044 0.056 0.041 0.035 0.038 B 140606
 3487.68085 8.119 8.137 8.093 8.105 8.115 0.033 0.049 0.040 0.027 0.029 A 140791
 3490.66838 8.065 8.007 8.048 8.063 8.060 0.041 0.057 0.036 0.029 0.034 A 141148
 3492.66376 8.054 7.944 8.015 8.039 8.047 0.049 0.091 0.048 0.038 0.043 B 141486
 3496.66328 8.076 8.103 8.066 8.069 8.073 0.026 0.044 0.035 0.023 0.024 A 141764
 3499.66794 8.060 8.027 8.035 8.050 8.057 0.030 0.054 0.037 0.027 0.028 A 142124
 3502.50927 8.063 8.137 8.060 8.062 8.060 0.030 0.054 0.035 0.024 0.026 A 142585
 3504.54533 8.054 8.173 8.066 8.053 8.052 0.038 0.062 0.043 0.034 0.034 A 142953
 3509.48795 8.074 8.047 8.028 8.063 8.073 0.026 0.032 0.035 0.022 0.024 A 143374
 3511.61520 8.069 8.065 8.055 8.062 8.067 0.029 0.030 0.034 0.023 0.025 A 143664
 3517.61958 8.091 8.071 8.072 8.081 8.087 0.034 0.068 0.037 0.027 0.029 B 144335
 3521.57223 8.044 7.992 8.023 8.032 8.036 0.052 0.071 0.055 0.049 0.050 B 144819
 3523.57547 8.053 8.010 8.029 8.044 8.048 0.032 0.056 0.035 0.028 0.029 A 145174
 3525.59830 8.075 8.120 8.067 8.071 8.075 0.032 0.062 0.037 0.026 0.027 A 145484
 3530.46540 8.057 8.034 8.032 8.048 8.056 0.041 0.096 0.048 0.036 0.037 B 146313
 3538.48115 8.062 8.079 8.045 8.057 8.061 0.033 0.036 0.034 0.023 0.027 A 146789
 3543.53133 8.068 8.024 8.034 8.058 8.060 0.036 0.044 0.037 0.028 0.031 A 147521
 3547.52213 8.150 8.123 8.125 8.138 8.150 0.047 0.072 0.048 0.043 0.045 B 147995
 3552.48640 8.046 8.044 8.034 8.044 8.048 0.046 0.054 0.045 0.038 0.041 B 148419
 3559.46458 8.055 8.124 8.042 8.039 8.049 0.057 0.061 0.050 0.046 0.050 B 149350
 3564.45775 8.078 8.035 8.058 8.073 8.074 0.057 0.045 0.043 0.038 0.047 B 150192
 3570.46026 8.059 8.039 8.033 8.044 8.052 0.032 0.039 0.037 0.027 0.028 A 150700
 3574.46098 8.065 8.007 8.040 8.054 8.053 0.033 0.055 0.041 0.028 0.029 A 151228
 3666.87137 8.061 8.015 8.034 8.048 8.055 0.049 0.041 0.042 0.036 0.042 B 163734
 3674.85822 8.074 8.014 8.058 8.067 8.071 0.031 0.045 0.033 0.024 0.027 A 164762
 3701.84588 8.075 8.024 8.044 8.068 8.073 0.044 0.038 0.036 0.030 0.036 A 168248
 3705.84370 8.067 8.072 8.047 8.059 8.062 0.038 0.047 0.037 0.029 0.032 A 168774
 3713.82954 8.049 8.007 8.040 8.050 8.048 0.032 0.050 0.036 0.025 0.027 A 169616
 3717.82626 8.052 8.057 8.028 8.037 8.047 0.032 0.037 0.034 0.025 0.027 A 170143
 3721.83358 8.060 8.074 8.050 8.062 8.056 0.034 0.034 0.033 0.025 0.027 A 170623
 3725.81265 8.070 8.061 8.059 8.064 8.072 0.032 0.030 0.033 0.024 0.027 A 171061
 3728.83771 8.063 8.044 8.048 8.057 8.064 0.036 0.048 0.035 0.027 0.030 A 171482
 3732.80879 8.053 8.429 8.156 8.093 8.061 0.036 0.056 0.038 0.029 0.030 A 171878
 3735.83866 8.069 8.074 8.052 8.064 8.069 0.029 0.046 0.034 0.025 0.026 A 172278
 3738.82278 8.059 7.961 8.028 8.049 8.054 0.033 0.071 0.038 0.028 0.030 B 172695
 3741.80201 8.068 8.023 8.032 8.061 8.065 0.033 0.067 0.039 0.027 0.028 B 173079
 3744.80618 8.091 8.085 8.086 8.095 8.088 0.041 0.064 0.043 0.032 0.035 A 173471
 3747.78594 8.083 8.093 8.062 8.074 8.080 0.037 0.036 0.036 0.029 0.033 A 173864
 3750.77815 8.065 8.023 8.041 8.057 8.059 0.036 0.037 0.034 0.026 0.030 A 174289
 3755.81329 8.071 7.994 8.048 8.070 8.073 0.040 0.081 0.043 0.033 0.035 B 174979
 3758.76418 8.102 8.117 8.088 8.097 8.104 0.032 0.043 0.037 0.027 0.028 A 175383
 3761.74882 8.066 8.086 8.051 8.051 8.061 0.041 0.045 0.038 0.031 0.034 A 175771
 3762.84956 8.093 8.039 8.050 8.077 8.087 0.055 0.097 0.055 0.048 0.050 B 175941
 3762.85627 8.014 7.973 7.981 8.005 8.011 0.051 0.089 0.055 0.047 0.047 B 175943
 3763.59055 8.067 8.039 8.040 8.054 8.062 0.044 0.046 0.041 0.036 0.039 B 175998
 3764.73996 8.033 7.965 8.002 8.022 8.033 0.041 0.086 0.045 0.035 0.037 B 176184
 3767.73063 8.074 8.027 8.057 8.068 8.073 0.050 0.076 0.046 0.040 0.045 B 176599
 3770.72933 8.134 8.079 8.110 8.122 8.128 0.064 0.059 0.052 0.051 0.056 D 177002
 3773.71761 8.044 7.995 8.011 8.033 8.041 0.038 0.060 0.037 0.031 0.034 A 177384
 3775.83386 8.067 8.066 8.037 8.056 8.066 0.046 0.071 0.048 0.038 0.040 B 177709
 3782.82047 8.048 8.086 8.072 8.073 8.055 0.081 0.068 0.055 0.052 0.064 D 178576
 3787.72771 8.033 7.938 8.003 8.030 8.030 0.045 0.093 0.049 0.039 0.041 B 178869
 3789.77779 8.059 8.081 8.053 8.051 8.059 0.038 0.050 0.038 0.028 0.032 A 179158
 3792.68865 8.142 8.132 8.151 8.126 8.137 0.044 0.076 0.050 0.038 0.040 B 179569
 3794.73810 8.065 8.038 8.062 8.058 8.061 0.034 0.047 0.038 0.027 0.030 A 179871
 3796.85388 8.060 8.079 8.053 8.055 8.055 0.031 0.041 0.033 0.024 0.026 A 180187
 3799.64910 8.041 8.062 8.029 8.036 8.038 0.041 0.035 0.036 0.032 0.035 A 180540
 3801.68680 7.979 7.949 7.944 7.973 7.976 0.053 0.080 0.056 0.047 0.049 B 180827
 3804.62758 8.048 8.034 8.039 8.046 8.049 0.038 0.036 0.034 0.027 0.032 A 181163
 3809.66915 8.057 7.983 8.033 8.051 8.054 0.047 0.083 0.043 0.035 0.040 B 181832
 3811.67576 8.087 8.083 8.043 8.065 8.078 0.042 0.068 0.048 0.035 0.037 B 182149
 3813.69127 8.052 8.012 8.027 8.039 8.050 0.039 0.046 0.036 0.030 0.033 A 182474
 3815.72294 8.063 7.992 8.029 8.052 8.060 0.043 0.082 0.052 0.037 0.039 B 182805
 3817.72454 8.075 7.980 8.052 8.066 8.071 0.036 0.064 0.042 0.029 0.031 A 183120
 3819.77062 8.055 8.061 8.037 8.048 8.052 0.042 0.063 0.043 0.036 0.037 B 183459
 3822.59190 8.088 8.171 8.074 8.077 8.084 0.037 0.074 0.041 0.031 0.033 B 183883
 3824.62625 8.062 8.064 8.048 8.061 8.060 0.035 0.057 0.036 0.026 0.029 A 184227
 3826.63035 8.058 8.041 8.040 8.050 8.056 0.036 0.056 0.036 0.026 0.030 A 184566
 3828.65136 8.114 8.120 8.093 8.104 8.112 0.041 0.085 0.043 0.033 0.036 B 184916
 3830.69707 8.057 8.014 8.039 8.049 8.054 0.031 0.046 0.033 0.025 0.027 A 185262
 3832.68321 8.151 8.183 8.138 8.144 8.145 0.037 0.069 0.040 0.029 0.031 B 185612
 3837.59046 8.084 8.087 8.052 8.066 8.079 0.042 0.065 0.040 0.032 0.036 A 186438
 3847.55615 8.097 8.110 8.078 8.083 8.088 0.040 0.037 0.039 0.032 0.036 A 186738
 3849.60409 8.034 7.955 8.005 8.021 8.029 0.045 0.094 0.048 0.039 0.040 B 187080
 3851.60503 8.068 8.084 8.121 8.102 8.070 0.029 0.076 0.056 0.034 0.028 B 187426
 3853.61553 8.068 7.979 8.032 8.058 8.066 0.027 0.058 0.032 0.023 0.024 A 187778
 3856.53460 8.030 8.042 7.998 8.015 8.027 0.041 0.062 0.046 0.035 0.037 B 188199
 3858.63480 8.104 8.130 8.077 8.088 8.098 0.048 0.095 0.052 0.043 0.044 B 188526
 3860.64886 8.064 8.102 8.061 8.056 8.058 0.031 0.036 0.034 0.025 0.027 A 188833
 3864.52437 8.059 7.997 8.032 8.052 8.059 0.040 0.083 0.043 0.033 0.035 B 189495
 3866.54207 8.059 8.050 8.040 8.055 8.058 0.043 0.077 0.047 0.036 0.038 B 189855
 3868.56691 8.093 8.081 8.087 8.096 8.092 0.038 0.045 0.038 0.030 0.034 A 190170
 3870.57120 8.068 8.046 8.052 8.064 8.063 0.030 0.035 0.034 0.024 0.026 A 190533
 3872.58111 8.068 8.101 8.039 8.050 8.061 0.032 0.062 0.037 0.025 0.028 A 190910
 3875.65819 8.055 7.994 8.026 8.042 8.049 0.034 0.078 0.040 0.029 0.030 B 191186
 3881.59860 8.070 8.033 8.048 8.059 8.063 0.030 0.048 0.036 0.025 0.026 A 191979
 3886.45978 8.065 7.989 8.033 8.054 8.058 0.027 0.038 0.031 0.022 0.023 A 192409
 3888.48778 8.096 8.070 8.065 8.076 8.083 0.083 0.058 0.058 0.058 0.070 D 192796
 3892.47290 8.060 8.075 8.034 8.047 8.054 0.034 0.047 0.035 0.027 0.029 A 193469
 3896.47372 99.999 99.999 99.999 99.999 99.999 0.034 0.035 0.038 0.026 0.030 C 193982
 3898.53662 8.560 8.720 8.672 8.607 8.571 0.034 0.037 0.034 0.025 0.029 A 194319
 3900.56244 8.071 8.076 8.062 8.065 8.069 0.037 0.046 0.036 0.027 0.032 A 194633
 3903.48475 8.064 8.039 8.061 8.066 8.065 0.028 0.034 0.032 0.023 0.025 A 195170
 3905.50434 8.066 8.003 8.041 8.060 8.064 0.029 0.051 0.033 0.023 0.025 A 195553
 3907.51835 8.078 8.048 8.054 8.068 8.070 0.029 0.037 0.033 0.024 0.025 A 195945
 4091.80398 8.073 8.092 8.063 8.066 8.073 0.038 0.084 0.042 0.033 0.035 B 209439
 4105.80482 8.065 8.095 8.044 8.060 8.064 0.034 0.042 0.033 0.029 0.031 A 210877
 4111.83419 8.032 7.903 7.989 8.012 8.033 0.047 0.090 0.048 0.041 0.045 B 211453
 4125.81075 8.065 8.064 8.027 8.055 8.071 0.027 0.047 0.034 0.025 0.025 A 211594
 4128.73802 8.071 8.113 8.055 8.054 8.077 0.027 0.061 0.041 0.024 0.025 A 211965
 4133.72216 8.122 8.041 8.071 8.104 8.121 0.041 0.057 0.038 0.031 0.035 A 212613
 4137.76964 8.081 8.078 8.063 8.076 8.085 0.034 0.068 0.040 0.029 0.031 B 213175
 4139.80188 8.073 8.040 8.049 8.071 8.071 0.031 0.065 0.040 0.028 0.029 A 213484
 4141.84211 8.032 7.922 7.995 8.013 8.025 0.035 0.070 0.042 0.032 0.032 B 213774
 4144.69832 8.104 8.112 8.080 8.091 8.101 0.030 0.050 0.034 0.025 0.027 A 214158
 4146.74567 8.010 7.942 7.997 8.004 8.004 0.070 0.110 0.057 0.050 0.053 D 214448
 4149.85218 8.073 8.040 8.051 8.064 8.075 0.110 0.059 0.065 0.076 0.093 D 214731
 4152.67689 8.066 8.041 8.044 8.060 8.060 0.029 0.055 0.038 0.027 0.027 A 215132
 4154.72183 8.006 7.887 7.965 7.989 8.001 0.044 0.095 0.049 0.040 0.042 B 215443
 4156.72511 8.088 8.073 8.075 8.089 8.085 0.046 0.067 0.046 0.042 0.044 B 215740
 4158.76288 8.076 8.218 8.060 8.056 8.062 0.066 0.103 0.063 0.060 0.062 D 216031
 4160.77306 8.088 8.044 8.059 8.070 8.082 0.052 0.044 0.048 0.048 0.048 B 216349
 4164.83893 8.001 7.944 7.967 7.990 7.995 0.054 0.081 0.049 0.044 0.048 B 216969
 4167.72093 8.064 7.988 8.039 8.049 8.055 0.039 0.085 0.047 0.036 0.037 B 217342
 4172.78161 8.076 8.102 8.058 8.063 8.071 0.030 0.048 0.037 0.026 0.027 A 217959
 4175.61958 8.044 8.034 8.053 8.051 8.042 0.044 0.065 0.049 0.038 0.041 B 218374
 4177.75480 8.068 8.001 8.037 8.054 8.061 0.047 0.063 0.044 0.040 0.044 B 218645
 4180.65291 8.081 7.918 8.019 8.073 8.072 0.090 0.084 0.074 0.075 0.082 D 218991
 4182.68370 8.086 7.942 8.060 8.078 8.087 0.048 0.081 0.058 0.051 0.045 B 219275
 4184.68335 8.114 8.016 8.087 8.078 8.112 0.041 0.055 0.060 0.038 0.036 B 219565
 4192.62781 8.090 8.121 8.060 8.084 8.088 0.030 0.045 0.036 0.024 0.027 A 220557
 4194.66263 8.068 8.075 8.036 8.056 8.070 0.029 0.039 0.035 0.025 0.026 A 220882
 4197.65496 8.059 8.063 8.033 8.046 8.051 0.060 0.056 0.056 0.054 0.057 D 221205
 4199.73181 8.031 8.050 8.066 8.036 8.034 0.053 0.071 0.056 0.049 0.046 B 221411
 4203.55060 8.066 7.946 8.012 8.054 8.065 0.061 0.076 0.059 0.055 0.057 D 221751
 4205.57907 8.052 7.964 8.022 8.043 8.048 0.032 0.049 0.038 0.028 0.029 A 222089
 4208.68005 8.059 7.977 8.048 8.047 8.052 0.056 0.058 0.046 0.045 0.050 B 222349
 4213.55559 8.056 8.020 8.005 8.035 8.047 0.027 0.057 0.044 0.029 0.026 A 222555
 4226.55198 8.065 8.087 8.054 8.065 8.065 0.071 0.064 0.054 0.051 0.059 D 222979
 4228.55657 8.078 8.053 8.050 8.064 8.076 0.044 0.050 0.051 0.042 0.042 B 223315
 4230.56165 8.013 8.008 8.038 8.037 8.025 0.031 0.039 0.042 0.029 0.029 A 223660
 4232.56990 8.070 8.011 8.026 8.056 8.055 0.030 0.047 0.036 0.025 0.027 A 224007
 4234.57087 8.031 7.975 7.999 8.010 8.011 0.127 0.085 0.102 0.111 0.121 D 224377
 4236.57282 8.067 7.938 8.017 8.048 8.060 0.077 0.074 0.055 0.052 0.063 D 224733
 4238.60052 8.031 7.934 7.993 8.013 8.020 0.054 0.060 0.051 0.046 0.050 B 225000
 4246.63220 8.104 8.061 8.063 8.093 8.098 0.029 0.040 0.037 0.025 0.027 A 226218
 4250.46326 8.077 8.005 8.047 8.061 8.066 0.030 0.052 0.038 0.027 0.028 A 226616
 4256.57840 8.046 7.968 8.010 8.045 8.042 0.046 0.049 0.046 0.042 0.043 B 227231
 4258.60918 8.102 8.083 8.076 8.094 8.099 0.030 0.049 0.039 0.026 0.027 A 227507
 4267.46723 8.060 7.994 8.021 8.040 8.046 0.045 0.063 0.047 0.040 0.042 B 227790
 4269.50245 8.077 8.070 8.055 8.065 8.076 0.026 0.032 0.037 0.024 0.024 A 228107
 4274.46235 8.079 8.059 8.062 8.076 8.079 0.026 0.039 0.038 0.025 0.025 A 228629
 4277.50131 8.072 8.062 8.062 8.074 8.090 0.027 0.043 0.039 0.024 0.025 A 228958
 4281.50392 8.043 7.998 8.016 8.038 8.045 0.034 0.042 0.036 0.027 0.030 A 229285
 4283.53822 8.085 8.075 8.076 8.089 8.091 0.065 0.050 0.058 0.057 0.062 D 229604
 4286.47341 8.081 8.059 8.043 8.064 8.077 0.031 0.049 0.040 0.027 0.028 A 230114
 4290.47411 8.075 8.061 8.049 8.057 8.078 0.025 0.033 0.037 0.024 0.025 A 230460
 4292.49449 8.081 8.014 8.056 8.064 8.074 0.028 0.047 0.037 0.025 0.026 A 230823
 4294.50313 8.086 8.072 8.064 8.081 8.089 0.028 0.044 0.038 0.025 0.026 A 231181
 4297.46938 8.105 8.000 8.077 8.096 8.101 0.052 0.060 0.049 0.043 0.047 B 231685
 4301.46271 8.050 7.986 8.005 8.033 8.050 0.038 0.054 0.046 0.034 0.034 B 232410
 4305.46385 8.128 8.094 8.098 8.112 8.122 0.028 0.036 0.039 0.025 0.026 A 233084
 4411.86387 8.065 8.061 8.047 8.050 8.062 0.036 0.038 0.036 0.028 0.031 A 246166
 4423.85945 8.119 8.126 8.091 8.102 8.115 0.045 0.058 0.041 0.033 0.039 A 246806
 4428.85847 8.060 8.015 8.019 8.038 8.053 0.037 0.037 0.038 0.030 0.034 A 247242
 4432.84221 8.067 8.087 8.042 8.060 8.063 0.033 0.040 0.034 0.026 0.029 A 247736
 4438.82977 8.056 7.986 8.026 8.043 8.049 0.038 0.041 0.037 0.031 0.034 A 248469
 4442.81482 8.061 8.048 8.050 8.054 8.062 0.030 0.039 0.037 0.029 0.029 A 248926
 4458.79669 8.082 8.045 8.042 8.070 8.079 0.033 0.041 0.035 0.026 0.029 A 250751
 4466.78677 8.081 8.107 8.091 8.086 8.083 0.036 0.063 0.040 0.031 0.033 A 251691
 4469.81377 8.073 8.102 8.060 8.073 8.073 0.032 0.035 0.036 0.027 0.029 A 252036
 4473.81354 8.243 8.135 8.206 8.212 8.233 0.077 0.074 0.065 0.064 0.071 D 252423
 4477.80363 8.097 8.108 8.095 8.084 8.088 0.036 0.067 0.045 0.033 0.035 B 252820
 4480.77493 8.022 8.016 8.038 8.031 8.029 0.109 0.071 0.075 0.081 0.095 D 253178
 4484.78060 8.040 7.945 7.996 8.024 8.036 0.045 0.072 0.049 0.042 0.043 B 253523
 4487.74683 8.089 8.068 8.074 8.094 8.092 0.033 0.037 0.038 0.027 0.028 A 253861
 4492.79725 8.093 8.059 8.048 8.081 8.083 0.027 0.041 0.043 0.033 0.024 A 254453
 4499.69936 8.054 8.063 8.044 8.053 8.050 0.034 0.068 0.045 0.032 0.032 B 255047
 4502.72874 8.092 8.083 8.060 8.080 8.081 0.038 0.053 0.044 0.035 0.036 B 255447
 4505.70642 8.071 8.083 8.027 8.059 8.066 0.035 0.049 0.043 0.032 0.032 A 255872
 4507.76502 8.119 8.063 8.047 8.101 8.110 0.039 0.056 0.042 0.033 0.035 A 256182
 4510.69185 8.070 8.018 8.031 8.053 8.068 0.034 0.039 0.039 0.030 0.030 A 256566
 4512.73935 8.022 7.915 7.965 7.984 8.017 0.039 0.054 0.044 0.035 0.036 B 256858
 4516.66411 8.095 8.018 8.078 8.070 8.075 0.044 0.040 0.039 0.032 0.037 A 257128
 4519.77936 8.095 8.059 8.091 8.096 8.096 0.046 0.065 0.054 0.042 0.043 B 257618
 4521.84346 99.999 8.082 8.090 8.118 8.132 0.031 0.042 0.036 0.024 0.027 C 257913
 4524.65713 8.077 8.109 8.035 8.060 8.070 0.029 0.046 0.038 0.026 0.027 A 258297
 4526.71328 8.071 8.011 8.049 8.063 8.069 0.038 0.044 0.039 0.029 0.032 A 258603
 4528.77858 8.074 8.030 8.055 8.073 8.079 0.041 0.047 0.040 0.031 0.035 A 258928
 4531.65189 8.055 8.056 8.033 8.040 8.050 0.029 0.035 0.036 0.026 0.027 A 259334
 4535.64627 8.082 8.140 8.066 8.068 8.077 0.033 0.038 0.038 0.029 0.030 A 259772
 4537.69323 8.088 8.118 8.086 8.086 8.087 0.040 0.083 0.045 0.032 0.040 B 260097
 4539.69124 8.046 7.940 8.032 8.045 8.040 0.048 0.058 0.046 0.038 0.041 B 260388
 4541.68657 8.062 8.119 8.051 8.053 8.066 0.030 0.057 0.040 0.027 0.028 A 260684
 4543.69221 8.070 8.052 8.056 8.067 8.071 0.037 0.066 0.042 0.031 0.034 A 260998
 4547.65570 8.118 8.016 8.066 8.093 8.103 0.048 0.074 0.048 0.039 0.043 B 261611
 4552.61881 8.064 8.084 8.078 8.083 8.068 0.028 0.034 0.034 0.023 0.024 A 262241
 4554.64187 8.059 7.996 8.067 8.052 8.066 0.035 0.045 0.037 0.029 0.031 A 262540
 4558.69331 8.083 8.027 8.059 8.078 8.073 0.031 0.060 0.043 0.028 0.028 A 263211
 4560.68900 8.094 8.128 8.085 8.086 8.099 0.033 0.061 0.043 0.030 0.031 A 263540
 4562.73239 8.078 8.184 8.064 8.067 8.073 0.030 0.061 0.040 0.027 0.028 A 263891
 4565.55226 8.066 7.981 8.027 8.058 8.060 0.030 0.048 0.036 0.025 0.027 A 264333
 4567.59171 8.065 8.065 8.042 8.055 8.063 0.032 0.039 0.036 0.027 0.029 A 264678
 4569.60143 8.074 8.070 8.067 8.070 8.075 0.031 0.044 0.038 0.026 0.028 A 264986
 4574.57319 8.054 8.063 8.057 8.055 8.053 0.036 0.052 0.039 0.031 0.032 A 265815
 4576.58681 8.089 8.016 8.041 8.079 8.085 0.048 0.060 0.045 0.036 0.042 B 266135
 4579.69775 8.063 8.025 8.023 8.049 8.060 0.036 0.035 0.035 0.027 0.030 A 266431
 4582.69737 8.051 8.043 8.046 8.049 8.059 0.035 0.034 0.034 0.027 0.031 A 266695
 4586.55015 8.059 8.055 8.038 8.051 8.058 0.031 0.032 0.037 0.026 0.029 A 267086
 4588.62500 8.079 8.081 8.063 8.065 8.078 0.033 0.041 0.038 0.027 0.030 A 267424
 4590.67171 8.054 8.012 8.026 8.042 8.048 0.043 0.047 0.045 0.035 0.038 B 267787
 4592.65375 8.082 8.101 8.106 8.100 8.077 0.035 0.063 0.047 0.032 0.032 B 268134
 4594.66990 8.069 8.065 8.023 8.038 8.070 0.030 0.043 0.036 0.026 0.027 A 268493
 4596.67259 8.043 7.939 8.009 8.036 8.042 0.028 0.050 0.039 0.026 0.026 A 268861
 4602.49626 8.108 8.163 8.074 8.086 8.104 0.037 0.052 0.039 0.030 0.034 A 269693
 4606.49903 8.118 8.147 8.093 8.106 8.115 0.039 0.054 0.039 0.029 0.033 A 269973
 4608.52627 8.051 8.000 8.009 8.037 8.045 0.033 0.047 0.038 0.026 0.029 A 270287
 4610.60516 8.089 8.074 8.064 8.081 8.087 0.035 0.058 0.042 0.031 0.032 A 270581
 4612.63914 8.052 8.032 8.045 8.048 8.050 0.039 0.039 0.040 0.032 0.035 A 270949
 4617.52791 8.092 8.068 8.048 8.077 8.088 0.087 0.059 0.062 0.064 0.075 D 271284
 4620.53006 8.091 8.089 8.076 8.089 8.088 0.033 0.048 0.043 0.030 0.031 A 271619
 4623.52578 8.047 8.011 8.016 8.040 8.047 0.032 0.043 0.039 0.029 0.030 A 272033
 4629.45299 8.071 8.039 8.030 8.061 8.067 0.032 0.037 0.037 0.027 0.029 A 273006
 4631.53397 8.056 8.008 8.025 8.051 8.055 0.036 0.059 0.043 0.030 0.033 A 273390
 4639.46658 8.082 8.048 8.050 8.081 8.085 0.034 0.042 0.037 0.028 0.031 A 274000
 4641.53202 8.070 8.009 8.035 8.054 8.066 0.033 0.056 0.039 0.028 0.030 A 274326
 4643.53349 8.000 8.005 7.974 7.997 7.994 0.036 0.057 0.043 0.032 0.033 A 274687
 4648.50240 99.999 8.055 8.012 8.018 8.028 0.040 0.085 0.048 0.035 0.037 C 275488
 4651.49728 8.060 8.003 8.043 8.038 8.056 0.048 0.063 0.047 0.039 0.043 B 275971
 4656.45652 8.072 8.009 8.052 8.062 8.069 0.036 0.049 0.036 0.027 0.031 A 276858
 4660.45751 8.048 8.054 8.028 8.048 8.045 0.055 0.041 0.041 0.038 0.047 B 277283
 4664.45730 8.060 8.003 8.038 8.068 8.066 0.042 0.041 0.038 0.030 0.034 A 277872
 4667.47189 8.049 8.008 8.020 8.048 8.052 0.028 0.035 0.036 0.024 0.026 A 278400
 4758.87745 8.062 8.086 8.060 8.059 8.059 0.043 0.039 0.038 0.033 0.037 A 289839
 4766.86916 8.082 8.121 8.070 8.076 8.084 0.041 0.058 0.041 0.032 0.036 A 290950
 4771.86564 8.085 8.070 8.049 8.067 8.081 0.033 0.050 0.042 0.029 0.030 A 291649
 4776.86436 8.093 8.127 8.086 8.079 8.087 0.044 0.058 0.046 0.036 0.040 B 292300
 4786.85931 8.082 8.068 8.053 8.075 8.079 0.036 0.038 0.037 0.028 0.032 A 293418
 4793.83422 8.034 8.031 8.019 8.026 8.028 0.041 0.044 0.038 0.032 0.036 A 294244
 4797.85642 8.053 8.019 8.022 8.044 8.049 0.035 0.051 0.039 0.030 0.032 A 294669
 4801.82770 8.093 8.054 8.068 8.085 8.091 0.029 0.046 0.034 0.025 0.026 A 295156
 4805.82966 8.058 8.019 8.031 8.049 8.057 0.027 0.039 0.035 0.023 0.025 A 295663
 4809.82133 8.052 8.002 8.030 8.049 8.051 0.028 0.039 0.034 0.025 0.026 A 296202
 4813.85864 8.055 8.069 8.038 8.049 8.058 0.036 0.037 0.037 0.029 0.032 A 296624
 4821.80284 8.075 8.115 8.071 8.066 8.071 0.031 0.039 0.036 0.026 0.028 A 297530
 4825.79995 8.008 7.915 7.957 7.992 8.000 0.058 0.100 0.057 0.049 0.053 B 298025
 4828.82888 8.050 7.994 8.022 8.035 8.044 0.033 0.047 0.037 0.031 0.032 A 298448
 4831.83475 8.078 8.012 8.047 8.064 8.076 0.030 0.046 0.035 0.026 0.027 A 298825
 4834.81514 8.064 7.996 8.033 8.060 8.065 0.030 0.042 0.035 0.027 0.027 A 299199
 4837.80712 8.086 8.068 8.072 8.082 8.082 0.031 0.037 0.036 0.028 0.029 A 299567
 4843.78542 8.040 8.044 8.027 8.030 8.037 0.031 0.042 0.034 0.025 0.029 A 300275
 4847.82329 8.026 8.005 7.988 8.014 8.022 0.035 0.061 0.042 0.031 0.032 A 300735
 4850.76801 8.191 8.099 8.162 8.190 8.198 0.027 0.037 0.033 0.023 0.024 A 301110
 4853.77707 8.069 8.144 8.066 8.064 8.069 0.038 0.076 0.043 0.033 0.035 B 301469
 4856.81940 8.036 8.036 8.017 8.025 8.036 0.040 0.086 0.062 0.037 0.037 B 301734
 4860.75131 8.052 8.042 8.037 8.048 8.048 0.041 0.049 0.039 0.032 0.036 A 302075
 4863.72610 8.090 8.156 8.086 8.099 8.097 0.030 0.042 0.034 0.025 0.027 A 302471
 4866.71760 8.079 8.126 8.055 8.056 8.075 0.034 0.065 0.040 0.030 0.033 A 302804
 4869.70915 8.054 8.076 8.033 8.043 8.047 0.049 0.046 0.038 0.036 0.042 B 303143
 4871.74835 8.050 7.965 8.007 8.039 8.047 0.043 0.066 0.043 0.034 0.039 A 303426
 4875.74902 8.066 8.062 8.069 8.069 8.070 0.057 0.070 0.047 0.041 0.049 B 303868
 4877.77418 8.166 8.201 8.159 8.166 8.164 0.034 0.053 0.042 0.031 0.032 A 304160
 4883.68518 8.072 8.122 8.056 8.059 8.067 0.034 0.067 0.037 0.030 0.031 B 304809
 4886.71988 8.067 8.097 8.055 8.056 8.059 0.062 0.063 0.051 0.049 0.054 D 305163
 4889.65752 8.087 8.079 8.062 8.083 8.092 0.041 0.060 0.040 0.032 0.035 A 305527
 4891.72344 8.083 8.012 8.034 8.059 8.073 0.057 0.084 0.068 0.063 0.053 D 305784
 4895.72684 8.091 8.047 8.062 8.077 8.080 0.095 0.083 0.067 0.068 0.081 D 306204
 4902.67621 8.050 8.000 7.998 8.023 8.036 0.051 0.053 0.045 0.038 0.045 B 306926
 4905.66683 8.065 8.047 8.040 8.056 8.065 0.048 0.041 0.039 0.035 0.041 B 307365
 4907.72475 8.044 7.966 7.985 8.013 7.996 0.061 0.087 0.061 0.042 0.046 D 307672
 4909.81243 99.999 8.127 8.116 99.999 99.999 0.065 0.081 0.054 0.051 0.058 D 307941
 4914.63646 8.147 8.155 8.129 8.141 8.141 0.047 0.070 0.048 0.038 0.043 B 308128
 4916.67436 8.104 8.106 8.092 8.102 8.111 0.049 0.069 0.047 0.039 0.044 B 308424
 4918.78610 8.029 7.881 8.004 8.026 8.025 0.057 0.077 0.053 0.045 0.050 B 308767
 4921.58916 8.085 8.083 8.065 8.067 8.087 0.048 0.073 0.051 0.041 0.043 B 309119
 4926.60746 8.041 7.955 8.022 8.019 8.027 0.060 0.070 0.050 0.045 0.053 B 309374
 4929.71032 8.075 8.088 8.052 8.080 8.062 0.129 0.066 0.070 0.082 0.105 D 309701
 4932.65730 8.090 8.055 8.062 8.088 8.085 0.057 0.078 0.052 0.045 0.051 B 310086
 4936.71292 8.071 8.068 8.047 8.052 8.058 0.060 0.055 0.047 0.044 0.051 B 310709
 4938.73232 8.129 8.093 8.098 8.099 8.120 0.065 0.075 0.054 0.049 0.057 D 311027
 4941.59747 8.059 7.983 8.007 8.040 8.054 0.069 0.084 0.055 0.052 0.059 D 311452
 4946.60580 8.053 8.100 8.050 8.043 8.047 0.066 0.085 0.067 0.058 0.062 D 312210
 4959.52945 8.090 8.055 8.062 8.093 8.104 0.069 0.067 0.052 0.048 0.058 D 313755
 4961.58820 8.050 8.078 8.068 8.071 8.050 0.062 0.084 0.053 0.046 0.055 D 313973
 4966.58962 8.041 8.032 8.021 8.030 8.040 0.050 0.072 0.048 0.041 0.045 B 314660
 4968.64086 8.076 8.058 8.050 8.075 8.075 0.050 0.069 0.045 0.038 0.043 B 315015
 4972.58438 8.058 7.967 8.051 8.051 8.059 0.058 0.067 0.049 0.045 0.051 B 315436
 4974.63098 8.052 7.987 8.011 8.032 8.039 0.075 0.082 0.057 0.055 0.064 D 315785
 4978.55730 8.011 7.950 7.989 7.977 8.008 0.115 0.082 0.080 0.084 0.100 D 316147
 4984.47746 8.078 8.055 8.038 8.067 8.073 0.085 0.070 0.059 0.058 0.072 D 316214
 4986.54599 8.055 8.060 8.057 8.064 8.052 0.071 0.062 0.050 0.049 0.058 D 316590
 4988.59807 8.058 7.978 8.008 8.041 8.057 0.068 0.074 0.052 0.048 0.056 D 316946
 4991.54947 8.060 8.033 8.045 8.053 8.057 0.049 0.055 0.046 0.037 0.042 B 317348
 5006.47347 8.072 8.046 8.042 8.073 8.074 0.059 0.067 0.052 0.044 0.051 B 318050
 5012.45593 8.064 8.024 8.026 8.048 8.055 0.063 0.060 0.048 0.045 0.054 D 318787
 5014.53712 8.067 8.062 8.042 8.055 8.065 0.063 0.072 0.059 0.048 0.056 D 319172
 5019.45832 8.027 7.891 7.957 8.005 8.018 0.060 0.061 0.052 0.045 0.052 B 319839
 5022.46458 8.061 8.013 8.017 8.050 8.049 0.064 0.061 0.058 0.051 0.057 D 320369
 5024.47381 8.098 8.111 8.086 8.089 8.093 0.055 0.052 0.045 0.040 0.048 B 320762
 5039.46195 8.066 8.154 8.056 8.057 8.056 0.054 0.063 0.049 0.041 0.047 B 321973
 5131.86847 8.071 8.072 8.032 8.053 8.061 0.051 0.042 0.042 0.037 0.043 B 331814
 5140.86584 8.073 7.994 8.049 8.080 8.079 0.061 0.049 0.049 0.045 0.052 D 332629
 5159.85947 8.064 8.094 8.074 8.069 8.064 0.050 0.046 0.042 0.037 0.042 B 333993
 5164.85272 8.059 8.036 8.055 8.068 8.068 0.052 0.045 0.045 0.040 0.046 B 334506
 5168.85975 8.057 8.071 8.038 8.054 8.058 0.058 0.041 0.045 0.042 0.050 B 334993