# Table 1 from Gyldenkerne et al. (1975)
# Measurements of HS Hya in instrumental system
# HS Hya   A&A 42, pp. 303-309 (1975)
# npts      JD0        Period
# 533 2441374.5934   1.568035
#   HJD-2440000   phase      d(y)   d(b-y) d(m1)  d(c1)  d(b)   d(v)   d(u)
 n   dd   dm     phase      d(y)   d(b-y) d(m1)  d(c1)  d(b)   d(v)   d(u)
 73 1373 0.55797  0.33839    1.942  0.275  0.014 -0.729  2.217  2.505  2.065
 73 1373 0.57715  0.35062    1.948  0.271  0.014 -0.724  2.219  2.503  2.064
 73 1373 0.58312  0.35443    1.953  0.268  0.011 -0.717  2.221  2.500  2.062
 73 1373 0.58930  0.35837    1.960  0.249  0.044 -0.748  2.210  2.503  2.048
 73 1373 0.61341  0.37374    1.948  0.268  0.014 -0.725  2.217  2.500  2.058
 73 1373 0.61986  0.37786    1.955  0.264  0.020 -0.724  2.219  2.503  2.063
 73 1373 0.62744  0.38269    1.938  0.282 -0.005 -0.722  2.220  2.498  2.053
 73 1373 0.63444  0.38716    1.953  0.264  0.022 -0.722  2.217  2.504  2.069
 73 1373 0.64223  0.39212    1.942  0.273  0.008 -0.731  2.215  2.496  2.047
 73 1373 0.64572  0.39435    1.957  0.261  0.023 -0.726  2.218  2.503  2.061
 73 1373 0.66402  0.40602    1.950  0.270  0.011 -0.732  2.220  2.501  2.050
 73 1373 0.66936  0.40943    1.936  0.281  0.006 -0.733  2.217  2.504  2.058
 73 1373 0.67593  0.41362    1.950  0.272  0.010 -0.725  2.223  2.505  2.062
 73 1373 0.68050  0.41653    1.947  0.269  0.019 -0.728  2.216  2.504  2.065
 73 1373 0.68456  0.41912    1.952  0.265  0.021 -0.731  2.218  2.504  2.059
 73 1373 0.68878  0.42181    1.954  0.264  0.022 -0.726  2.218  2.504  2.064
 73 1373 0.69790  0.42763    1.947  0.265  0.028 -0.738  2.212  2.505  2.060
 73 1373 0.71795  0.44041    1.960  0.250  0.041 -0.732  2.210  2.501  2.060
 73 1373 0.72322  0.44378    1.954  0.260  0.034 -0.739  2.214  2.508  2.064
 73 1373 0.73569  0.45173    1.984  0.248  0.035 -0.728  2.231  2.514  2.068
 73 1373 0.74180  0.45562    1.975  0.263  0.025 -0.731  2.238  2.525  2.081
 73 1373 0.74804  0.45960    2.000  0.269  0.013 -0.728  2.268  2.550  2.104
 73 1373 0.75334  0.46298    2.020  0.269  0.015 -0.718  2.289  2.572  2.137
 73 1373 0.75967  0.46702    2.072  0.259  0.020 -0.724  2.331  2.610  2.165
 73 1373 0.76523  0.47057    2.074  0.291 -0.005 -0.728  2.365  2.652  2.211
 73 1373 0.77056  0.47397    2.144  0.265  0.020 -0.729  2.409  2.694  2.249
 73 1373 0.77636  0.47766    2.203  0.255  0.022 -0.712  2.458  2.736  2.301
 73 1373 0.78247  0.48156    2.246  0.265  0.024 -0.734  2.511  2.800  2.356
 73 1373 0.78884  0.48562    2.305  0.264  0.017 -0.721  2.569  2.851  2.411
 73 1373 0.79665  0.49060    2.363  0.269  0.013 -0.728  2.632  2.914  2.469
 73 1373 0.80404  0.49532    2.406  0.261  0.026 -0.720  2.667  2.953  2.520
 73 1373 0.80917  0.49859    2.432  0.265  0.017 -0.734  2.697  2.979  2.528
 73 1373 0.81633  0.50316    2.418  0.264  0.025 -0.729  2.683  2.972  2.533
 73 1373 0.82321  0.50754    2.397  0.255  0.027 -0.708  2.652  2.935  2.509
 73 1373 0.82895  0.51120    2.341  0.275  0.000 -0.720  2.616  2.892  2.447
 73 1373 0.83537  0.51530    2.304  0.260  0.021 -0.722  2.564  2.845  2.403
 73 1373 0.84158  0.51926    2.224  0.274  0.005 -0.711  2.499  2.778  2.346
 73 1373 0.84787  0.52327    2.175  0.271  0.002 -0.717  2.447  2.720  2.276
 73 1373 0.85419  0.52730    2.136  0.256  0.021 -0.714  2.392  2.669  2.232
 73 1373 0.86004  0.53103    2.080  0.270  0.009 -0.724  2.350  2.628  2.182
 73 1373 0.86775  0.53595    2.047  0.259  0.018 -0.721  2.307  2.584  2.141
 73 1373 0.87463  0.54034    2.019  0.254  0.026 -0.735  2.273  2.553  2.098
 73 1373 0.88046  0.54405    1.961  0.282  0.004 -0.735  2.243  2.529  2.080
 73 1373 0.88598  0.54757    1.955  0.272  0.012 -0.721  2.227  2.511  2.074
 74 1374 0.53885  0.96394    2.058  0.245  0.043 -0.741  2.304  2.593  2.141
 74 1374 0.54377  0.96707    2.061  0.283 -0.004 -0.728  2.345  2.624  2.176
 74 1374 0.54834  0.96999    2.109  0.275  0.009 -0.728  2.384  2.668  2.223
 74 1374 0.55286  0.97287    2.157  0.256  0.030 -0.737  2.413  2.699  2.248
 74 1374 0.55749  0.97582    2.183  0.268  0.021 -0.736  2.451  2.741  2.294
 74 1374 0.56223  0.97885    2.229  0.274  0.014 -0.728  2.502  2.790  2.349
 74 1374 0.56732  0.98209    2.291  0.254  0.039 -0.758  2.545  2.838  2.372
 74 1374 0.57138  0.98468    2.300  0.291  0.000 -0.743  2.591  2.882  2.430
 74 1374 0.57595  0.98760    2.342  0.287  0.006 -0.745  2.629  2.922  2.469
 74 1374 0.58052  0.99051    2.400  0.273  0.019 -0.737  2.673  2.966  2.521
 74 1374 0.58521  0.99350    2.452  0.268  0.024 -0.745  2.720  3.013  2.560
 74 1374 0.59030  0.99675    2.459  0.286  0.010 -0.744  2.745  3.041  2.593
 74 1374 0.59516  0.99985    2.484  0.279  0.019 -0.752  2.764  3.061  2.607
 74 1374 0.60025  0.00309    2.480  0.270  0.026 -0.744  2.750  3.046  2.598
 74 1374 0.60482  0.00601    2.457  0.271  0.024 -0.750  2.729  3.024  2.569
 74 1374 0.60899  0.00867    2.421  0.269  0.026 -0.739  2.690  2.985  2.542
 74 1374 0.61779  0.01428    2.339  0.262  0.034 -0.739  2.601  2.896  2.453
 74 1374 0.62190  0.01690    2.293  0.273  0.013 -0.728  2.566  2.851  2.409
 74 1374 0.62606  0.01955    2.236  0.269  0.033 -0.756  2.506  2.807  2.353
 74 1374 0.63613  0.02598    2.164  0.266  0.019 -0.747  2.430  2.715  2.253
 74 1374 0.64208  0.02977    2.111  0.260  0.024 -0.726  2.371  2.656  2.214
 74 1374 0.64828  0.03372    2.070  0.261  0.017 -0.726  2.331  2.609  2.162
 74 1374 0.65263  0.03650    2.039  0.255  0.025 -0.711  2.294  2.574  2.143
 74 1374 0.65708  0.03934    2.016  0.260  0.020 -0.725  2.276  2.556  2.110
 74 1374 0.66136  0.04207    1.992  0.261  0.018 -0.715  2.253  2.532  2.095
 74 1374 0.66536  0.04462    1.987  0.254  0.039 -0.736  2.241  2.533  2.089
 74 1374 0.66935  0.04716    1.963  0.264  0.017 -0.725  2.227  2.508  2.064
 74 1374 0.67357  0.04985    1.957  0.267  0.009 -0.721  2.224  2.499  2.054
 74 1374 0.67763  0.05244    1.949  0.271  0.009 -0.721  2.220  2.501  2.060
 74 1374 0.68260  0.05561    1.948  0.273  0.005 -0.705  2.221  2.498  2.071
 74 1374 0.68735  0.05864    1.953  0.263  0.017 -0.711  2.216  2.497  2.067
 74 1374 0.69151  0.06129    1.952  0.268  0.016 -0.729  2.220  2.504  2.059
 74 1374 0.70072  0.06717    1.949  0.263  0.030 -0.742  2.213  2.506  2.057
 74 1374 0.70552  0.07023    1.935  0.275  0.005 -0.734  2.210  2.490  2.036
 74 1374 0.70905  0.07248    1.959  0.262  0.019 -0.722  2.220  2.501  2.061
 74 1374 0.71316  0.07510    1.958  0.265  0.014 -0.725  2.222  2.501  2.054
 74 1374 0.71738  0.07779    1.945  0.275  0.004 -0.716  2.219  2.497  2.060
 74 1374 0.72138  0.08034    1.955  0.263  0.023 -0.728  2.218  2.504  2.062
 74 1374 0.72560  0.08303    1.946  0.264  0.025 -0.726  2.210  2.499  2.062
 74 1374 0.72994  0.08580    1.965  0.252  0.024 -0.707  2.217  2.493  2.063
 74 1374 0.73445  0.08868    1.950  0.268  0.010 -0.713  2.218  2.496  2.061
 74 1374 0.73879  0.09145    1.936  0.277  0.008 -0.726  2.213  2.498  2.058
 74 1374 0.75014  0.09868    1.946  0.268  0.016 -0.729  2.215  2.499  2.055
 74 1374 0.75135  0.09946    1.950  0.271  0.007 -0.730  2.221  2.499  2.047
 74 1374 0.75257  0.10023    1.954  0.262  0.017 -0.713  2.216  2.496  2.062
 74 1374 0.75384  0.10104    1.955  0.261  0.019 -0.713  2.216  2.496  2.063
 74 1374 0.75506  0.10182    1.944  0.276  0.004 -0.715  2.221  2.501  2.067
 74 1374 0.76397  0.10750    1.947  0.278  0.001 -0.722  2.224  2.503  2.060
 74 1374 0.76900  0.11071    1.942  0.274  0.014 -0.733  2.215  2.503  2.057
 74 1374 0.77352  0.11359    1.950  0.268  0.018 -0.731  2.218  2.505  2.060
 74 1374 0.78949  0.12378    1.959  0.258  0.032 -0.732  2.216  2.505  2.062
 74 1374 0.83110  0.15032    1.961  0.251  0.039 -0.738  2.212  2.502  2.054
 74 1374 0.83607  0.15349    1.950  0.263  0.021 -0.722  2.213  2.496  2.058
 74 1374 0.84024  0.15614    1.940  0.273  0.009 -0.740  2.213  2.495  2.038
 74 1374 0.84475  0.15902    1.940  0.269  0.014 -0.725  2.209  2.492  2.050
 74 1374 0.84915  0.16183    1.949  0.262  0.015 -0.705  2.212  2.489  2.062
 74 1374 0.85546  0.16585    1.940  0.268  0.018 -0.735  2.208  2.494  2.044
 74 1374 0.86044  0.16903    1.949  0.256  0.028 -0.725  2.206  2.490  2.049
 75 1375 0.60721  0.64527    1.957  0.267  0.006 -0.713  2.224  2.498  2.057
 75 1375 0.61172  0.64815    1.970  0.257  0.021 -0.724  2.227  2.504  2.058
 75 1375 0.61601  0.65088    1.959  0.260  0.018 -0.722  2.219  2.497  2.053
 75 1375 0.61994  0.65339    1.951  0.264  0.017 -0.722  2.215  2.496  2.054
 75 1375 0.62417  0.65609    1.952  0.266  0.013 -0.725  2.219  2.497  2.051
 75 1375 0.62833  0.65874    1.949  0.265  0.019 -0.735  2.214  2.499  2.048
 75 1375 0.63256  0.66144    1.958  0.255  0.028 -0.731  2.213  2.497  2.049
 75 1375 0.63672  0.66409    1.945  0.268  0.009 -0.714  2.213  2.490  2.053
 75 1375 0.64089  0.66675    1.945  0.266  0.021 -0.746  2.210  2.497  2.038
 75 1375 0.64494  0.66933    1.934  0.279 -0.003 -0.703  2.213  2.489  2.061
 75 1375 0.65236  0.67407    1.950  0.257  0.032 -0.741  2.207  2.496  2.044
 75 1375 0.65822  0.67780    1.940  0.270  0.017 -0.740  2.211  2.498  2.046
 75 1375 0.66404  0.68152    1.956  0.263  0.017 -0.733  2.218  2.498  2.046
 75 1375 0.66844  0.68432    1.955  0.259  0.029 -0.733  2.214  2.501  2.055
 75 1375 0.67272  0.68705    1.965  0.251  0.040 -0.742  2.217  2.508  2.056
 75 1375 0.68134  0.69255    1.949  0.261  0.031 -0.750  2.210  2.502  2.044
 75 1375 0.68557  0.69525    1.943  0.267  0.018 -0.734  2.209  2.494  2.045
 75 1375 0.68962  0.69783    1.943  0.270  0.012 -0.721  2.213  2.496  2.058
 75 1375 0.69378  0.70048    1.936  0.276  0.004 -0.712  2.212  2.491  2.059
 75 1375 0.69841  0.70343    1.928  0.277  0.014 -0.736  2.205  2.496  2.052
 75 1375 0.70270  0.70617    1.939  0.277  0.001 -0.711  2.216  2.493  2.060
 75 1375 0.70680  0.70879    1.958  0.253  0.035 -0.724  2.211  2.498  2.061
 75 1375 0.71080  0.71134    1.948  0.257  0.038 -0.749  2.204  2.500  2.045
 75 1375 0.71595  0.71462    1.962  0.250  0.028 -0.725  2.212  2.490  2.043
 75 1375 0.72006  0.71724    1.970  0.238  0.044 -0.715  2.208  2.489  2.056
 75 1375 0.72469  0.72019    1.934  0.278  0.011 -0.737  2.212  2.501  2.053
 75 1375 0.72891  0.72289    1.952  0.254  0.034 -0.718  2.206  2.493  2.063
 75 1375 0.73296  0.72547    1.948  0.261  0.024 -0.729  2.209  2.494  2.050
 75 1375 0.73690  0.72798    1.953  0.254  0.029 -0.725  2.208  2.492  2.050
 75 1375 0.74066  0.73038    1.935  0.274  0.014 -0.740  2.209  2.496  2.044
 75 1375 0.74483  0.73304    1.953  0.258  0.026 -0.726  2.210  2.494  2.052
 75 1375 0.74940  0.73595    1.952  0.257  0.025 -0.728  2.208  2.490  2.044
 75 1375 0.75351  0.73857    1.948  0.261  0.022 -0.732  2.209  2.491  2.042
 75 1375 0.75750  0.74112    1.948  0.259  0.024 -0.720  2.207  2.490  2.053
 75 1375 0.76236  0.74422    1.948  0.263  0.020 -0.728  2.211  2.495  2.051
 75 1375 0.76664  0.74695    1.944  0.261  0.025 -0.720  2.205  2.492  2.058
 75 1375 0.77098  0.74972    1.938  0.275  0.013 -0.740  2.212  2.500  2.047
 75 1375 0.77573  0.75274    1.933  0.285 -0.006 -0.718  2.218  2.497  2.057
 75 1375 0.78013  0.75555    1.942  0.269  0.020 -0.736  2.211  2.500  2.054
 75 1375 0.78435  0.75824    1.936  0.276  0.010 -0.728  2.212  2.498  2.056
 75 1375 0.78927  0.76138    1.942  0.272  0.009 -0.723  2.214  2.495  2.053
 75 1375 0.79824  0.76710    1.944  0.265  0.023 -0.736  2.208  2.496  2.047
 75 1375 0.80264  0.76991    1.961  0.252  0.036 -0.748  2.213  2.500  2.039
 75 1375 0.80704  0.77271    1.952  0.263  0.011 -0.716  2.215  2.490  2.048
 75 1375 0.81143  0.77551    1.953  0.260  0.018 -0.718  2.212  2.490  2.049
 75 1375 0.81560  0.77817    1.946  0.273  0.008 -0.737  2.219  2.500  2.044
 75 1375 0.82081  0.78149    1.955  0.249  0.048 -0.761  2.204  2.502  2.038
 75 1375 0.82526  0.78433    1.940  0.273  0.005 -0.720  2.213  2.492  2.050
 75 1375 0.83452  0.79024    1.937  0.276  0.006 -0.727  2.213  2.495  2.050
 75 1375 0.83892  0.79304    1.937  0.271  0.017 -0.726  2.209  2.497  2.058
 75 1375 0.84297  0.79563    1.932  0.266  0.023 -0.726  2.199  2.488  2.052
 75 1375 0.84789  0.79876    1.936  0.275  0.006 -0.728  2.211  2.492  2.045
 75 1375 0.85161  0.80114    1.965  0.240  0.047 -0.746  2.204  2.491  2.033
 75 1375 0.85675  0.80441    1.954  0.255  0.034 -0.743  2.209  2.498  2.043
 75 1375 0.86109  0.80718    1.936  0.275  0.010 -0.738  2.211  2.497  2.044
 75 1375 0.86595  0.81028    1.947  0.259  0.030 -0.727  2.206  2.494  2.055
 75 1375 0.86988  0.81279    1.948  0.266  0.017 -0.720  2.214  2.497  2.061
 75 1375 0.87411  0.81549    1.949  0.263  0.021 -0.738  2.211  2.495  2.040
 75 1375 0.87862  0.81836    1.948  0.258  0.036 -0.739  2.206  2.500  2.055
 75 1375 0.88319  0.82128    1.943  0.277  0.002 -0.730  2.221  2.500  2.048
 75 1375 0.88759  0.82408    1.951  0.268  0.010 -0.733  2.218  2.496  2.041
 75 1375 0.89211  0.82696    1.949  0.279 -0.014 -0.696  2.228  2.493  2.062
 75 1375 0.89650  0.82976    1.953  0.261  0.021 -0.731  2.214  2.496  2.046
 75 1375 0.90108  0.83269    1.961  0.260  0.018 -0.724  2.221  2.500  2.055
 75 1375 0.90518  0.83530    1.963  0.266  0.018 -0.739  2.229  2.513  2.058
 76 1376 0.58166  0.26672    1.938  0.279 -0.002 -0.722  2.217  2.494  2.050
 76 1376 0.58864  0.27117    1.934  0.272  0.010 -0.715  2.206  2.488  2.055
 76 1376 0.59350  0.27427    1.941  0.262  0.028 -0.729  2.203  2.493  2.055
 76 1376 0.59863  0.27754    1.964  0.255  0.026 -0.740  2.218  2.499  2.041
 76 1376 0.60337  0.28056    1.946  0.264  0.022 -0.738  2.209  2.495  2.043
 76 1376 0.61007  0.28484    1.939  0.273  0.009 -0.712  2.213  2.495  2.065
 76 1376 0.61847  0.29019    1.941  0.274  0.006 -0.721  2.215  2.494  2.053
 76 1376 0.62517  0.29447    1.942  0.273  0.008 -0.725  2.215  2.496  2.053
 76 1376 0.62959  0.29729    1.937  0.268  0.020 -0.743  2.205  2.492  2.037
 76 1376 0.63477  0.30059    1.936  0.271  0.017 -0.732  2.207  2.496  2.052
 76 1376 0.64023  0.30407    1.949  0.263  0.022 -0.718  2.212  2.496  2.062
 76 1376 0.64767  0.30882    1.957  0.255  0.028 -0.732  2.212  2.495  2.047
 76 1376 0.65444  0.31313    1.947  0.259  0.034 -0.741  2.206  2.500  2.052
 76 1376 0.65861  0.31579    1.956  0.261  0.019 -0.719  2.218  2.498  2.058
 76 1376 0.66283  0.31848    1.949  0.268  0.012 -0.716  2.217  2.498  2.063
 76 1376 0.66706  0.32118    1.957  0.254  0.028 -0.723  2.211  2.493  2.052
 76 1376 0.67224  0.32449    1.949  0.263  0.020 -0.732  2.211  2.494  2.045
 76 1376 0.68060  0.32982    1.940  0.272  0.013 -0.743  2.212  2.497  2.040
 76 1376 0.68610  0.33332    1.956  0.256  0.038 -0.743  2.212  2.505  2.056
 76 1376 0.69076  0.33630    1.954  0.265  0.019 -0.748  2.219  2.502  2.038
 76 1376 0.69622  0.33978    1.944  0.278  0.004 -0.721  2.221  2.503  2.064
 76 1376 0.71043  0.34884    1.961  0.262  0.017 -0.715  2.223  2.503  2.068
 76 1376 0.71599  0.35239    1.950  0.265  0.022 -0.740  2.215  2.501  2.048
 76 1376 0.73166  0.36238    1.938  0.275  0.016 -0.729  2.212  2.503  2.065
 76 1376 0.73957  0.36742    1.947  0.267  0.021 -0.727  2.214  2.501  2.062
 76 1376 0.75357  0.37635    1.957  0.257  0.025 -0.712  2.214  2.496  2.066
 76 1376 0.75751  0.37887    1.943  0.276  0.008 -0.723  2.219  2.502  2.063
 76 1376 0.76237  0.38197    1.950  0.266  0.016 -0.724  2.216  2.499  2.057
 76 1376 0.76648  0.38459    1.950  0.270  0.011 -0.722  2.220  2.502  2.062
 76 1376 0.77070  0.38728    1.941  0.280 -0.005 -0.706  2.221  2.496  2.066
 76 1376 0.77516  0.39012    1.958  0.260  0.021 -0.716  2.218  2.500  2.065
 76 1376 0.77944  0.39285    1.965  0.255  0.025 -0.710  2.220  2.500  2.070
 76 1376 0.78372  0.39558    1.959  0.250  0.043 -0.724  2.209  2.501  2.070
 76 1376 0.78789  0.39824    1.948  0.273  0.009 -0.730  2.221  2.503  2.055
 76 1376 0.79183  0.40075    1.953  0.270  0.013 -0.732  2.223  2.506  2.057
 76 1376 0.79646  0.40371    1.958  0.264  0.015 -0.728  2.222  2.501  2.052
 76 1376 0.80068  0.40640    1.968  0.253  0.035 -0.739  2.221  2.509  2.058
 76 1376 0.80485  0.40906    1.953  0.267  0.013 -0.722  2.219  2.499  2.057
 76 1376 0.81040  0.41260    1.958  0.259  0.028 -0.720  2.216  2.503  2.070
 76 1376 0.81428  0.41507    1.963  0.262  0.015 -0.718  2.225  2.502  2.060
 76 1376 0.81833  0.41765    1.962  0.256  0.037 -0.746  2.217  2.510  2.057
 76 1376 0.82267  0.42042    1.973  0.241  0.052 -0.745  2.214  2.507  2.056
 76 1376 0.82707  0.42323    1.968  0.255  0.032 -0.730  2.223  2.509  2.066
 76 1376 0.83135  0.42596    1.968  0.251  0.032 -0.724  2.219  2.502  2.062
 76 1376 0.83558  0.42865    1.956  0.262  0.029 -0.747  2.218  2.509  2.053
 76 1376 0.84015  0.43157    1.972  0.248  0.041 -0.749  2.221  2.510  2.051
 76 1376 0.84437  0.43426    1.965  0.269 -0.001 -0.705  2.235  2.503  2.065
 76 1376 0.84848  0.43688    1.954  0.271  0.014 -0.736  2.225  2.509  2.058
 76 1376 0.85780  0.44282    1.925  0.300 -0.024 -0.729  2.225  2.502  2.049
 76 1376 0.86208  0.44555    1.971  0.251  0.024 -0.701  2.222  2.497  2.071
 76 1376 0.87076  0.45109    1.962  0.260  0.028 -0.735  2.222  2.511  2.065
 76 1376 0.87458  0.45353    1.964  0.272 -0.001 -0.733  2.236  2.508  2.047
 76 1376 0.87904  0.45637    1.980  0.272  0.008 -0.720  2.253  2.533  2.093
 76 1376 0.88320  0.45902    1.993  0.265  0.024 -0.744  2.258  2.548  2.094
 76 1376 0.88859  0.46246    2.038  0.264  0.008 -0.723  2.302  2.574  2.122
 76 1376 0.89264  0.46504    2.048  0.267  0.003 -0.728  2.315  2.584  2.126
 77 1377 0.61590  0.92630    1.959  0.258  0.033 -0.734  2.217  2.508  2.064
 77 1377 0.61989  0.92884    1.953  0.266  0.022 -0.738  2.220  2.508  2.059
 77 1377 0.63392  0.93779    1.955  0.255  0.028 -0.722  2.211  2.494  2.056
 77 1377 0.63848  0.94070    1.954  0.259  0.024 -0.716  2.213  2.496  2.063
 77 1377 0.64282  0.94346    1.953  0.263  0.016 -0.714  2.216  2.495  2.061
 77 1377 0.64632  0.94570    1.956  0.251  0.038 -0.715  2.208  2.497  2.072
 77 1377 0.65694  0.95247    1.966  0.254  0.037 -0.717  2.220  2.511  2.085
 77 1377 0.66085  0.95496    1.984  0.263  0.019 -0.731  2.247  2.528  2.079
 77 1377 0.66461  0.95736    1.995  0.265  0.013 -0.718  2.260  2.539  2.099
 77 1377 0.66959  0.96054    2.018  0.259  0.026 -0.730  2.276  2.561  2.116
 77 1377 0.67380  0.96322    2.038  0.263  0.021 -0.720  2.301  2.586  2.151
 77 1377 0.67968  0.96697    2.075  0.266  0.017 -0.723  2.341  2.623  2.183
 77 1377 0.68402  0.96974    2.099  0.273  0.015 -0.735  2.372  2.661  2.214
 77 1377 0.68750  0.97196    2.141  0.261  0.024 -0.726  2.402  2.686  2.244
 77 1377 0.69149  0.97450    2.166  0.268  0.021 -0.737  2.433  2.722  2.273
 77 1377 0.69579  0.97725    2.202  0.268  0.028 -0.733  2.470  2.766  2.329
 77 1377 0.70047  0.98023    2.256  0.270  0.023 -0.748  2.526  2.820  2.365
 77 1377 0.70553  0.98346    2.303  0.272  0.014 -0.728  2.574  2.860  2.419
 77 1377 0.71027  0.98648    2.344  0.281  0.006 -0.726  2.625  2.911  2.471
 77 1377 0.71530  0.98969    2.390  0.250  0.068 -0.753  2.640  2.958  2.523
 77 1377 0.71961  0.99244    2.432  0.281  0.013 -0.749  2.713  3.007  2.552
 77 1377 0.72474  0.99571    2.467  0.273  0.030 -0.773  2.740  3.042  2.571
 77 1377 0.72966  0.99885    2.484  0.270  0.033 -0.765  2.754  3.058  2.596
 77 1377 0.73791  0.00411    2.472  0.265  0.042 -0.758  2.736  3.043  2.592
 77 1377 0.74288  0.00728    2.439  0.267  0.023 -0.741  2.706  2.997  2.547
 77 1377 0.75050  0.01214    2.361  0.275  0.020 -0.738  2.636  2.931  2.488
 77 1377 0.75625  0.01580    2.328  0.269  0.015 -0.736  2.597  2.881  2.429
 77 1377 0.75979  0.01806    2.279  0.259  0.034 -0.739  2.537  2.829  2.382
 77 1377 0.76383  0.02064    2.240  0.273  0.015 -0.730  2.513  2.801  2.359
 77 1377 0.77216  0.02595    2.175  0.257  0.028 -0.738  2.432  2.717  2.265
 77 1377 0.77638  0.02864    2.126  0.260  0.031 -0.739  2.386  2.677  2.229
 77 1377 0.78907  0.03673    2.041  0.259  0.025 -0.730  2.300  2.584  2.139
 77 1377 0.79362  0.03964    2.007  0.262  0.024 -0.729  2.269  2.554  2.111
 77 1377 0.79783  0.04232    1.984  0.271  0.007 -0.711  2.254  2.532  2.099
 77 1377 0.80193  0.04494    1.973  0.271  0.005 -0.720  2.244  2.520  2.075
 77 1377 0.81110  0.05078    1.958  0.267  0.011 -0.732  2.225  2.504  2.050
 77 1377 0.82680  0.06080    1.953  0.274  0.006 -0.725  2.227  2.508  2.064
 77 1377 0.83181  0.06399    1.954  0.272  0.002 -0.726  2.226  2.499  2.047
 77 1377 0.83700  0.06730    1.949  0.268  0.015 -0.720  2.217  2.499  2.062
 77 1377 0.84210  0.07055    1.948  0.273  0.011 -0.729  2.220  2.504  2.059
 77 1377 0.84925  0.07511    1.960  0.263  0.018 -0.734  2.222  2.503  2.050
 77 1377 0.85428  0.07832    1.950  0.268  0.017 -0.737  2.217  2.502  2.050
 77 1377 0.85937  0.08157    1.961  0.257  0.030 -0.734  2.218  2.506  2.059
 77 1377 0.86963  0.08811    1.944  0.272  0.016 -0.720  2.216  2.504  2.071
 77 1377 0.87644  0.09245    1.953  0.266  0.021 -0.752  2.219  2.506  2.041
 77 1377 0.88811  0.09990    1.942  0.272  0.008 -0.720  2.215  2.495  2.056
 80 1380 0.69411  0.88940    1.954  0.260  0.031 -0.737  2.214  2.505  2.059
 80 1380 0.69935  0.89274    1.951  0.260  0.034 -0.750  2.211  2.505  2.049
 81 1381 0.55366  0.43757    1.958  0.267  0.019 -0.735  2.225  2.511  2.062
 81 1381 0.55795  0.44030    1.942  0.282 -0.001 -0.723  2.223  2.504  2.062
 81 1381 0.56223  0.44303    1.960  0.258  0.031 -0.737  2.217  2.506  2.058
 81 1381 0.59012  0.46082    2.024  0.254  0.041 -0.749  2.277  2.573  2.119
 81 1381 0.59435  0.46352    2.036  0.265  0.021 -0.728  2.300  2.586  2.144
 81 1381 0.59851  0.46617    2.075  0.256  0.025 -0.713  2.331  2.613  2.182
 81 1381 0.60256  0.46875    2.097  0.259  0.022 -0.723  2.356  2.636  2.194
 81 1381 0.60661  0.47134    2.111  0.276  0.001 -0.721  2.387  2.663  2.219
 81 1381 0.61113  0.47422    2.138  0.279  0.000 -0.722  2.416  2.695  2.252
 81 1381 0.61489  0.47662    2.182  0.259  0.028 -0.731  2.442  2.729  2.285
 81 1381 0.61888  0.47916    2.226  0.256  0.024 -0.718  2.482  2.761  2.322
 81 1381 0.62328  0.48197    2.244  0.278  0.003 -0.724  2.521  2.802  2.359
 81 1381 0.62710  0.48440    2.291  0.261  0.025 -0.722  2.552  2.838  2.403
 81 1381 0.63104  0.48692    2.312  0.277  0.003 -0.727  2.589  2.869  2.422
 81 1381 0.63503  0.48946    2.361  0.258  0.027 -0.726  2.619  2.904  2.462
 81 1381 0.64076  0.49311    2.393  0.269  0.015 -0.716  2.662  2.947  2.516
 81 1381 0.65035  0.49923    2.431  0.265  0.018 -0.721  2.696  2.979  2.541
 81 1381 0.65528  0.50237    2.427  0.273  0.003 -0.703  2.700  2.976  2.549
 81 1381 0.66014  0.50547    2.404  0.266  0.019 -0.714  2.670  2.955  2.527
 81 1381 0.66529  0.50876    2.384  0.254  0.036 -0.726  2.638  2.928  2.492
 81 1381 0.66935  0.51135    2.344  0.267  0.021 -0.730  2.611  2.900  2.458
 81 1381 0.67328  0.51385    2.311  0.263  0.019 -0.707  2.574  2.856  2.431
 81 1381 0.67762  0.51662    2.265  0.276  0.005 -0.724  2.542  2.823  2.381
 81 1381 0.68156  0.51913    2.249  0.260  0.015 -0.714  2.509  2.784  2.345
 81 1381 0.68549  0.52164    2.202  0.274  0.008 -0.724  2.476  2.758  2.317
 81 1381 0.68977  0.52437    2.168  0.264  0.024 -0.726  2.433  2.721  2.283
 81 1381 0.69394  0.52703    2.138  0.269  0.012 -0.732  2.407  2.689  2.239
 84 1384 0.56373  0.35721    1.950  0.268  0.009 -0.716  2.218  2.495  2.056
 84 1384 0.56873  0.36040    1.940  0.280  0.003 -0.730  2.220  2.504  2.058
 84 1384 0.58170  0.36867    1.942  0.268  0.011 -0.710  2.210  2.489  2.057
 84 1384 0.58896  0.37330    1.943  0.276  0.008 -0.725  2.219  2.503  2.062
 84 1384 0.59278  0.37574    1.952  0.263  0.025 -0.734  2.215  2.503  2.056
 84 1384 0.59714  0.37852    1.953  0.267  0.012 -0.716  2.220  2.499  2.061
 84 1384 0.60123  0.38113    1.955  0.266  0.012 -0.715  2.221  2.499  2.062
 84 1384 0.60489  0.38346    1.946  0.264  0.024 -0.731  2.211  2.499  2.056
 84 1384 0.60800  0.38544    1.955  0.263  0.019 -0.723  2.218  2.499  2.057
 84 1384 0.61292  0.38858    1.947  0.266  0.021 -0.730  2.214  2.500  2.057
 84 1384 0.61648  0.39085    1.955  0.263  0.020 -0.725  2.217  2.500  2.058
 84 1384 0.62079  0.39360    1.950  0.267  0.015 -0.727  2.217  2.499  2.054
 84 1384 0.62359  0.39539    1.947  0.267  0.018 -0.721  2.214  2.500  2.064
 84 1384 0.62814  0.39829    1.956  0.261  0.025 -0.728  2.216  2.502  2.059
 84 1384 0.63248  0.40106    1.939  0.279  0.002 -0.724  2.218  2.498  2.055
 84 1384 0.63632  0.40351    1.961  0.261  0.020 -0.726  2.222  2.503  2.058
 84 1384 0.64004  0.40588    1.960  0.266  0.013 -0.731  2.225  2.504  2.052
 84 1384 0.64394  0.40836    1.964  0.254  0.030 -0.730  2.218  2.502  2.056
 84 1384 0.64730  0.41051    1.946  0.274  0.008 -0.728  2.220  2.502  2.057
 84 1384 0.65453  0.41512    1.960  0.261  0.021 -0.728  2.221  2.504  2.059
 84 1384 0.65754  0.41704    1.938  0.280  0.007 -0.729  2.217  2.504  2.061
 84 1384 0.66095  0.41921    1.955  0.261  0.029 -0.732  2.217  2.507  2.066
 84 1384 0.66564  0.42220    1.946  0.266  0.021 -0.727  2.212  2.499  2.059
 84 1384 0.66877  0.42420    1.956  0.261  0.027 -0.732  2.217  2.505  2.060
 84 1384 0.67178  0.42612    1.944  0.271  0.016 -0.728  2.215  2.502  2.062
 84 1384 0.67507  0.42822    1.952  0.273  0.011 -0.728  2.225  2.509  2.064
 84 1384 0.67820  0.43021    1.947  0.273  0.008 -0.721  2.220  2.501  2.061
 84 1384 0.68144  0.43228    1.945  0.281 -0.002 -0.719  2.226  2.504  2.064
 84 1384 0.68619  0.43531    1.961  0.269  0.012 -0.727  2.230  2.511  2.064
 84 1384 0.68989  0.43767    1.965  0.260  0.020 -0.728  2.225  2.505  2.057
 84 1384 0.70193  0.44535    1.967  0.259  0.025 -0.732  2.226  2.510  2.062
 84 1384 0.70533  0.44752    1.962  0.259  0.025 -0.735  2.221  2.504  2.053
 84 1384 0.71284  0.45230    1.956  0.274  0.007 -0.725  2.229  2.510  2.065
 84 1384 0.71645  0.45461    1.975  0.257  0.032 -0.738  2.233  2.522  2.073
 84 1384 0.72701  0.46134    2.016  0.262  0.023 -0.733  2.278  2.563  2.115
 84 1384 0.73382  0.46568    2.049  0.272  0.007 -0.724  2.320  2.599  2.154
 84 1384 0.73744  0.46799    2.081  0.266  0.015 -0.720  2.347  2.628  2.189
 84 1384 0.74131  0.47046    2.089  0.280  0.002 -0.733  2.370  2.652  2.201
 84 1384 0.74497  0.47280    2.122  0.280  0.000 -0.719  2.401  2.681  2.242
 84 1384 0.74828  0.47491    2.157  0.269  0.017 -0.735  2.425  2.712  2.263
 84 1384 0.75589  0.47976    2.232  0.256  0.019 -0.712  2.487  2.762  2.326
 84 1384 0.75932  0.48195    2.247  0.279 -0.001 -0.718  2.526  2.804  2.363
 84 1384 0.76348  0.48460    2.282  0.273  0.011 -0.721  2.556  2.840  2.403
 84 1384 0.76676  0.48669    2.332  0.257  0.022 -0.716  2.590  2.869  2.432
 84 1384 0.77013  0.48884    2.338  0.272  0.006 -0.725  2.610  2.888  2.440
 84 1384 0.77656  0.49294    2.382  0.273  0.013 -0.720  2.655  2.940  2.506
 84 1384 0.78063  0.49554    2.427  0.252  0.030 -0.713  2.679  2.961  2.529
 84 1384 0.78362  0.49744    2.414  0.272  0.015 -0.720  2.685  2.972  2.538
 84 1384 0.78795  0.50021    2.422  0.272  0.014 -0.737  2.694  2.980  2.528
 84 1384 0.79138  0.50239    2.434  0.259  0.029 -0.730  2.693  2.980  2.538
 84 1384 0.79476  0.50455    2.421  0.272  0.003 -0.707  2.692  2.967  2.534
 84 1384 0.79820  0.50674    2.391  0.268  0.019 -0.735  2.659  2.947  2.499
 84 1384 0.80201  0.50917    2.369  0.271  0.012 -0.715  2.640  2.923  2.490
 84 1384 0.80549  0.51139    2.364  0.246  0.033 -0.713  2.610  2.890  2.456
 84 1384 0.80902  0.51364    2.318  0.256  0.032 -0.726  2.574  2.861  2.423
 84 1384 0.81248  0.51585    2.278  0.266  0.015 -0.711  2.544  2.825  2.395
 84 1384 0.81634  0.51831    2.262  0.251  0.029 -0.709  2.513  2.793  2.364
 84 1384 0.82012  0.52072    2.219  0.254  0.029 -0.726  2.473  2.756  2.313
 84 1384 0.82400  0.52320    2.181  0.259  0.026 -0.717  2.439  2.724  2.292
 84 1384 0.82775  0.52559    2.154  0.265  0.021 -0.732  2.419  2.705  2.259
 84 1384 0.83189  0.52823    2.126  0.261  0.021 -0.718  2.387  2.670  2.234
 84 1384 0.83557  0.53057    2.099  0.260  0.030 -0.749  2.360  2.650  2.191
 84 1384 0.84009  0.53346    2.053  0.278  0.008 -0.735  2.331  2.617  2.169
 84 1384 0.84437  0.53619    2.044  0.266  0.014 -0.730  2.310  2.591  2.142
 84 1384 0.84827  0.53867    2.011  0.273  0.009 -0.725  2.284  2.566  2.124
 84 1384 0.85275  0.54153    1.996  0.256  0.043 -0.759  2.252  2.551  2.091
 84 1384 0.85687  0.54416    1.973  0.269  0.020 -0.730  2.241  2.530  2.089
 84 1384 0.86063  0.54656    1.966  0.270  0.014 -0.722  2.236  2.519  2.080
 84 1384 0.86492  0.54929    1.951  0.271  0.016 -0.735  2.222  2.509  2.061
 84 1384 0.86871  0.55171    1.962  0.260  0.024 -0.740  2.222  2.506  2.050
 84 1384 0.87275  0.55429    1.960  0.254  0.041 -0.732  2.214  2.510  2.073
 84 1384 0.87759  0.55737    1.962  0.263  0.023 -0.729  2.225  2.512  2.070
 84 1384 0.88237  0.56042    1.955  0.264  0.022 -0.724  2.218  2.504  2.065
 88 1388 0.64280  0.95860    1.992  0.269  0.012 -0.719  2.261  2.541  2.103
 88 1388 0.64714  0.96137    2.012  0.274  0.004 -0.715  2.286  2.564  2.126
 88 1388 0.65148  0.96414    2.045  0.262  0.020 -0.735  2.307  2.589  2.137
 88 1388 0.65541  0.96664    2.053  0.274  0.013 -0.735  2.327  2.614  2.165
 88 1388 0.65798  0.96828    2.099  0.262  0.018 -0.715  2.361  2.640  2.204
 88 1388 0.66226  0.97101    2.123  0.264  0.021 -0.731  2.387  2.673  2.227
 88 1388 0.66597  0.97338    2.143  0.271  0.015 -0.721  2.414  2.700  2.265
 88 1388 0.67013  0.97603    2.183  0.277  0.006 -0.713  2.460  2.744  2.315
 88 1388 0.67343  0.97814    2.211  0.276  0.011 -0.745  2.487  2.774  2.315
 88 1388 0.67650  0.98009    2.238  0.279  0.012 -0.735  2.517  2.808  2.364
 88 1388 0.68107  0.98301    2.303  0.263  0.029 -0.738  2.566  2.858  2.411
 88 1388 0.68570  0.98596    2.325  0.291 -0.008 -0.730  2.616  2.899  2.453
 88 1388 0.68942  0.98833    2.357  0.290  0.004 -0.738  2.647  2.942  2.498
 88 1388 0.69348  0.99092    2.399  0.287  0.003 -0.727  2.686  2.976  2.538
 88 1388 0.69878  0.99430    2.445  0.290  0.002 -0.744  2.734  3.026  2.573
 88 1388 0.70219  0.99648    2.457  0.291  0.009 -0.754  2.748  3.048  2.593
 88 1388 0.70634  0.99912    2.485  0.273  0.022 -0.755  2.757  3.052  2.592
 88 1388 0.70986  0.00137    2.486  0.270  0.022 -0.752  2.757  3.049  2.590
 88 1388 0.71415  0.00410    2.468  0.270  0.018 -0.743  2.739  3.027  2.573
 88 1388 0.71854  0.00690    2.439  0.265  0.036 -0.746  2.704  3.006  2.562
 88 1388 0.72218  0.00922    2.413  0.276  0.016 -0.740  2.689  2.981  2.534
 88 1388 0.72586  0.01157    2.386  0.274  0.011 -0.729  2.660  2.946  2.502
 88 1388 0.72951  0.01390    2.342  0.268  0.029 -0.737  2.610  2.906  2.466
 88 1388 0.73399  0.01676    2.292  0.277  0.019 -0.754  2.569  2.864  2.406
 88 1388 0.73825  0.01947    2.256  0.265  0.026 -0.732  2.521  2.812  2.372
 88 1388 0.74344  0.02278    2.208  0.266  0.026 -0.733  2.474  2.766  2.325
 88 1388 0.74718  0.02517    2.181  0.268  0.009 -0.720  2.449  2.725  2.282
 88 1388 0.75228  0.02842    2.132  0.263  0.025 -0.730  2.395  2.682  2.239
 88 1388 0.75631  0.03099    2.097  0.265  0.022 -0.728  2.363  2.650  2.208
 88 1388 0.76074  0.03382    2.070  0.265  0.015 -0.735  2.335  2.615  2.161
 88 1388 0.76597  0.03715    2.024  0.271  0.020 -0.731  2.296  2.587  2.146
 88 1388 0.77022  0.03986    1.995  0.278  0.011 -0.734  2.272  2.561  2.115
 88 1388 0.77490  0.04285    1.987  0.258  0.034 -0.737  2.245  2.537  2.092
 88 1388 0.78130  0.04693    1.956  0.273  0.009 -0.720  2.230  2.512  2.075
 88 1388 0.78599  0.04992    1.959  0.262  0.025 -0.737  2.221  2.508  2.059
 88 1388 0.78996  0.05245    1.943  0.266  0.026 -0.730  2.209  2.501  2.064
 88 1388 0.79432  0.05523    1.953  0.262  0.025 -0.731  2.216  2.504  2.060
 88 1388 0.81194  0.06647    1.952  0.260  0.041 -0.757  2.212  2.513  2.057
 88 1388 0.81545  0.06871    1.953  0.264  0.024 -0.742  2.217  2.504  2.050
 89 1389 0.52429  0.52076    2.227  0.261  0.031 -0.739  2.488  2.780  2.333
 89 1389 0.52802  0.52314    2.174  0.276  0.009 -0.728  2.451  2.736  2.294
 89 1389 0.53137  0.52528    2.159  0.270  0.017 -0.749  2.429  2.716  2.253
 89 1389 0.53598  0.52822    2.122  0.276  0.004 -0.724  2.398  2.678  2.233
 89 1389 0.54197  0.53204    2.085  0.264  0.020 -0.728  2.348  2.632  2.187
 89 1389 0.54657  0.53497    2.046  0.268  0.010 -0.720  2.314  2.592  2.150
 89 1389 0.55136  0.53803    2.016  0.278  0.001 -0.721  2.294  2.573  2.130
 89 1389 0.55629  0.54117    2.000  0.263  0.024 -0.717  2.263  2.550  2.120
 89 1389 0.55967  0.54333    1.978  0.274  0.011 -0.728  2.252  2.538  2.094
 89 1389 0.56492  0.54667    1.968  0.262  0.028 -0.747  2.231  2.521  2.065
 89 1389 0.56911  0.54935    1.964  0.258  0.031 -0.726  2.222  2.512  2.075
 89 1389 0.57435  0.55269    1.950  0.273  0.012 -0.723  2.222  2.507  2.069
 89 1389 0.57847  0.55532    1.958  0.259  0.034 -0.750  2.217  2.509  2.052
 89 1389 0.58259  0.55794    1.960  0.257  0.035 -0.746  2.217  2.508  2.054
 89 1389 0.58646  0.56041    1.956  0.268  0.012 -0.721  2.225  2.505  2.064
 89 1389 0.59460  0.56560    1.961  0.258  0.032 -0.744  2.219  2.510  2.056
 89 1389 0.60149  0.57000    1.956  0.266  0.022 -0.723  2.222  2.511  2.076
 89 1389 0.60650  0.57319    1.962  0.264  0.019 -0.745  2.226  2.510  2.047
 89 1389 0.61260  0.57708    1.956  0.270  0.019 -0.751  2.226  2.515  2.053
 89 1389 0.62125  0.58260    1.947  0.271  0.018 -0.735  2.217  2.505  2.059
 89 1389 0.62594  0.58559    1.954  0.268  0.015 -0.739  2.222  2.506  2.050
 89 1389 0.62956  0.58790    1.944  0.272  0.015 -0.722  2.216  2.504  2.069
 89 1389 0.63112  0.58889    1.949  0.273  0.011 -0.725  2.223  2.507  2.067
 89 1389 0.63896  0.59389    1.951  0.275  0.000 -0.711  2.226  2.501  2.066
 89 1389 0.64289  0.59640    1.960  0.258  0.028 -0.721  2.218  2.504  2.070
 89 1389 0.65114  0.60166    1.951  0.274  0.008 -0.723  2.226  2.508  2.068
 89 1389 0.65496  0.60410    1.939  0.274  0.013 -0.729  2.213  2.500  2.059
 89 1389 0.65967  0.60710    1.961  0.260  0.026 -0.729  2.221  2.508  2.065
 89 1389 0.66347  0.60952    1.951  0.264  0.024 -0.736  2.215  2.503  2.055
 89 1389 0.66943  0.61332    1.943  0.271  0.020 -0.738  2.214  2.505  2.057
 89 1389 0.67838  0.61903    1.953  0.272  0.003 -0.716  2.225  2.500  2.059
 89 1389 0.68324  0.62213    1.962  0.264  0.011 -0.736  2.226  2.500  2.039
 89 1389 0.68730  0.62472    1.953  0.266  0.017 -0.733  2.219  2.502  2.053
 89 1389 0.69156  0.62744    1.959  0.264  0.022 -0.735  2.223  2.508  2.059
 89 1389 0.69501  0.62964    1.966  0.254  0.029 -0.732  2.220  2.503  2.054
 89 1389 0.69926  0.63235    1.954  0.261  0.032 -0.737  2.215  2.508  2.064
 89 1389 0.70317  0.63484    1.944  0.275  0.011 -0.727  2.219  2.506  2.065
 89 1389 0.70669  0.63709    1.951  0.266  0.017 -0.729  2.217  2.500  2.055
 89 1389 0.71228  0.64065    1.969  0.252  0.036 -0.729  2.221  2.509  2.068
 91 1391 0.52087  0.79406    1.948  0.260  0.028 -0.732  2.209  2.497  2.053
 91 1391 0.52577  0.79719    1.938  0.266  0.022 -0.730  2.204  2.492  2.049
 91 1391 0.52994  0.79985    1.952  0.259  0.027 -0.725  2.210  2.497  2.058
 91 1391 0.53614  0.80380    1.948  0.255  0.037 -0.743  2.203  2.495  2.043
 91 1391 0.57794  0.83046    1.950  0.267  0.018 -0.732  2.217  2.502  2.055
 91 1391 0.58162  0.83281    1.953  0.269  0.011 -0.729  2.222  2.502  2.052
 91 1391 0.58677  0.83609    1.943  0.272  0.012 -0.735  2.215  2.499  2.047
 91 1391 0.59019  0.83827    1.952  0.263  0.015 -0.706  2.215  2.492  2.064
 91 1391 0.59452  0.84103    1.938  0.274  0.009 -0.721  2.211  2.495  2.057
 91 1391 0.59788  0.84318    1.950  0.268  0.018 -0.733  2.218  2.503  2.055
 91 1391 0.60128  0.84534    1.940  0.273  0.010 -0.722  2.213  2.496  2.058
 91 1391 0.60514  0.84781    1.939  0.276  0.006 -0.723  2.215  2.497  2.056
 91 1391 0.61069  0.85135    1.944  0.268  0.017 -0.723  2.212  2.497  2.060
 91 1391 0.61420  0.85358    1.942  0.274  0.007 -0.719  2.216  2.498  2.060
 91 1391 0.61925  0.85680    1.943  0.270  0.017 -0.733  2.213  2.501  2.055
 91 1391 0.62441  0.86010    1.948  0.266  0.021 -0.734  2.214  2.501  2.054
 91 1391 0.62857  0.86275    1.959  0.259  0.027 -0.729  2.218  2.504  2.061
 91 1391 0.63582  0.86737    1.964  0.254  0.031 -0.736  2.218  2.504  2.054
 91 1391 0.64026  0.87020    1.955  0.261  0.031 -0.743  2.216  2.507  2.056
 91 1391 0.64484  0.87312    1.951  0.271  0.009 -0.724  2.222  2.502  2.058
 91 1391 0.65190  0.87763    1.949  0.265  0.025 -0.740  2.214  2.504  2.053
 91 1391 0.65559  0.87998    1.954  0.267  0.016 -0.741  2.221  2.505  2.047
 91 1391 0.66094  0.88339    1.954  0.262  0.021 -0.718  2.216  2.499  2.065
 91 1391 0.67195  0.89041    1.955  0.264  0.016 -0.716  2.219  2.500  2.064
 91 1391 0.67681  0.89351    1.963  0.257  0.029 -0.724  2.220  2.506  2.068
 91 1391 0.68195  0.89679    1.942  0.275  0.007 -0.714  2.217  2.499  2.067
 91 1391 0.68556  0.89909    1.952  0.267  0.020 -0.724  2.219  2.506  2.069
 91 1391 0.69041  0.90219    1.941  0.277  0.006 -0.715  2.219  2.503  2.072
 91 1391 0.69441  0.90474    1.968  0.255  0.025 -0.723  2.223  2.503  2.061
 91 1391 0.69828  0.90721    1.950  0.266  0.021 -0.730  2.217  2.504  2.062
 91 1391 0.70245  0.90986    1.962  0.259  0.027 -0.731  2.221  2.508  2.064
 91 1391 0.70598  0.91212    1.960  0.261  0.025 -0.732  2.222  2.509  2.064
 91 1391 0.71385  0.91714    1.956  0.266  0.018 -0.723  2.222  2.506  2.067
 91 1391 0.71781  0.91966    1.959  0.268  0.010 -0.717  2.228  2.506  2.067
 91 1391 0.72357  0.92333    1.945  0.279  0.002 -0.721  2.224  2.504  2.062
 91 1391 0.72731  0.92572    1.950  0.273  0.013 -0.735  2.223  2.509  2.060
 91 1391 0.73197  0.92869    1.942  0.281  0.002 -0.723  2.222  2.505  2.065
 91 1391 0.73894  0.93314    1.947  0.271  0.012 -0.724  2.217  2.500  2.059
 91 1391 0.74347  0.93603    1.947  0.277  0.002 -0.719  2.224  2.503  2.063
 91 1391 0.74861  0.93930    1.948  0.273  0.008 -0.719  2.222  2.503  2.066
 91 1391 0.75274  0.94194    1.954  0.279 -0.002 -0.720  2.233  2.510  2.068
 91 1391 0.76090  0.94714    1.960  0.264  0.024 -0.730  2.224  2.512  2.069
 91 1391 0.76519  0.94988    1.954  0.268  0.017 -0.729  2.222  2.507  2.063
 91 1391 0.76974  0.95278    1.968  0.263  0.021 -0.729  2.231  2.516  2.071
 91 1391 0.77901  0.95869    2.007  0.261  0.019 -0.725  2.268  2.549  2.104
 91 1391 0.78293  0.96119    2.024  0.262  0.019 -0.720  2.286  2.567  2.127
 91 1391 0.78662  0.96354    2.048  0.261  0.019 -0.721  2.309  2.590  2.149
 91 1391 0.79190  0.96691    2.064  0.267  0.022 -0.724  2.331  2.621  2.186
 91 1391 0.79546  0.96918    2.084  0.273  0.015 -0.723  2.358  2.646  2.212
 91 1391 0.79938  0.97168    2.123  0.266  0.030 -0.746  2.389  2.685  2.236
 91 1391 0.80274  0.97382    2.152  0.270  0.020 -0.736  2.422  2.712  2.266
 91 1391 0.80737  0.97678    2.194  0.270  0.021 -0.735  2.464  2.754  2.310
 91 1391 0.81429  0.98119    2.270  0.267  0.020 -0.738  2.537  2.824  2.373
 91 1391 0.81846  0.98385    2.314  0.258  0.042 -0.753  2.572  2.872  2.419
 91 1391 0.82279  0.98661    2.370  0.260  0.027 -0.744  2.630  2.918  2.461
 93 1393 0.67106  0.16533    1.950  0.264  0.019 -0.730  2.214  2.498  2.051
 93 1393 0.67435  0.16743    1.948  0.264  0.026 -0.742  2.212  2.501  2.048
 93 1393 0.67783  0.16965    1.951  0.262  0.026 -0.731  2.212  2.500  2.056
 93 1393 0.68101  0.17167    1.958  0.257  0.024 -0.723  2.215  2.497  2.056
 93 1393 0.68585  0.17476    1.942  0.273  0.011 -0.731  2.215  2.498  2.051
 93 1393 0.68999  0.17740    1.948  0.265  0.020 -0.735  2.214  2.499  2.048
 93 1393 0.69419  0.18008    1.931  0.282  0.000 -0.729  2.213  2.495  2.048
 93 1393 0.69896  0.18312    1.954  0.253  0.036 -0.736  2.207  2.496  2.049
 93 1393 0.70365  0.18611    1.938  0.275  0.013 -0.741  2.213  2.502  2.049
 93 1393 0.71000  0.19016    1.947  0.265  0.022 -0.739  2.213  2.500  2.049
 93 1393 0.71464  0.19312    1.942  0.270  0.010 -0.728  2.212  2.492  2.044
 93 1393 0.71867  0.19569    1.939  0.263  0.026 -0.715  2.201  2.490  2.063
 93 1393 0.72331  0.19865    1.942  0.271  0.007 -0.716  2.214  2.492  2.054
 93 1393 0.72719  0.20112    1.946  0.266  0.011 -0.722  2.212  2.489  2.045
 93 1393 0.73792  0.20797    1.943  0.265  0.020 -0.721  2.208  2.493  2.058
 93 1393 0.74180  0.21044    1.949  0.271  0.005 -0.724  2.221  2.497  2.051
 93 1393 0.74542  0.21275    1.939  0.275  0.009 -0.726  2.215  2.499  2.057
 93 1393 0.74894  0.21500    1.946  0.266  0.018 -0.730  2.212  2.495  2.049
 93 1393 0.75251  0.21727    1.930  0.278  0.007 -0.729  2.208  2.492  2.047
 93 1393 0.75665  0.21991    1.920  0.289 -0.008 -0.733  2.209  2.489  2.037
 93 1393 0.76250  0.22364    1.946  0.268  0.016 -0.730  2.213  2.497  2.051
 93 1393 0.76675  0.22635    1.950  0.265  0.015 -0.725  2.215  2.496  2.051
 93 1393 0.77144  0.22934    1.955  0.257  0.031 -0.725  2.212  2.500  2.062
 93 1393 0.77547  0.23191    1.947  0.268  0.015 -0.728  2.215  2.499  2.055
 93 1393 0.77888  0.23409    1.950  0.262  0.026 -0.723  2.212  2.500  2.065
 93 1393 0.78217  0.23619    1.939  0.280 -0.003 -0.721  2.219  2.496  2.052
 93 1393 0.78672  0.23909    1.952  0.257  0.023 -0.727  2.209  2.488  2.041
 93 1393 0.79522  0.24451    1.954  0.260  0.030 -0.739  2.214  2.504  2.055
 93 1393 0.79907  0.24697    1.945  0.259  0.028 -0.738  2.204  2.492  2.041